date,County,area_type,cases,cumulative_cases,deaths,cumulative_deaths,total_tests,cumulative_total_tests,positive_tests,cumulative_positive_tests,reported_cases,cumulative_reported_cases,reported_deaths,cumulative_reported_deaths,population
243,Alameda,County,77,21886,4,381,6296,592660,110,26223,78,21349,3,383,1685886
244,Alameda,County,60,21946,2,383,6977,599637,108,26331,55,21404,-1,382,1685886
245,Alameda,County,54,22000,1,384,3293,602930,43,26374,106,21510,4,386,1685886
246,Alameda,County,46,22046,0,384,1985,604915,43,26417,87,21597,-3,383,1685886
247,Alameda,County,96,22142,0,384,7446,612361,119,26536,40,21637,0,383,1685886
248,Alameda,County,88,22230,0,384,8282,620643,125,26661,61,21698,2,385,1685886
249,Alameda,County,90,22320,1,385,7666,628309,104,26765,38,21736,10,395,1685886
250,Alameda,County,77,22397,2,387,6711,635020,103,26868,90,21826,0,395,1685886
251,Alameda,County,80,22477,1,388,7506,642526,120,26988,98,21924,4,399,1685886
252,Alameda,County,48,22525,1,389,3084,645610,48,27036,55,21979,-1,398,1685886
253,Alameda,County,50,22575,1,390,1743,647353,28,27064,78,22057,-6,392,1685886
254,Alameda,County,89,22664,1,391,7481,654834,108,27172,69,22126,-3,389,1685886
255,Alameda,County,79,22743,1,392,8511,663345,96,27268,59,22185,0,389,1685886
256,Alameda,County,104,22847,1,393,7288,670633,141,27409,42,22227,9,398,1685886
257,Alameda,County,97,22944,1,394,6853,677486,147,27556,40,22267,-8,390,1685886
258,Alameda,County,68,23012,0,394,7352,684838,100,27656,48,22315,7,397,1685886
259,Alameda,County,54,23066,0,394,3490,688328,60,27716,79,22394,1,398,1685886
260,Alameda,County,46,23112,0,394,1919,690247,32,27748,152,22546,-6,392,1685886
261,Alameda,County,104,23216,1,395,8499,698746,124,27872,101,22647,0,392,1685886
262,Alameda,County,109,23325,0,395,8976,707722,128,28000,103,22750,-1,391,1685886
263,Alameda,County,103,23428,1,396,7343,715065,102,28102,103,22853,1,392,1685886
264,Alameda,County,89,23517,0,396,7127,722192,105,28207,62,22915,1,393,1685886
265,Alameda,County,101,23618,0,396,7674,729866,125,28332,132,23047,0,393,1685886
266,Alameda,County,72,23690,1,397,3328,733194,63,28395,52,23099,5,398,1685886
267,Alameda,County,70,23760,1,398,1980,735174,41,28436,93,23192,0,398,1685886
268,Alameda,County,106,23866,0,398,8452,743626,132,28568,92,23284,0,398,1685886
269,Alameda,County,112,23978,0,398,9942,753568,136,28704,81,23365,2,400,1685886
270,Alameda,County,112,24090,2,400,8030,761598,118,28822,103,23468,0,400,1685886
271,Alameda,County,100,24190,5,405,7881,769479,130,28952,62,23530,1,401,1685886
272,Alameda,County,163,24353,0,405,7923,777402,141,29093,146,23676,0,401,1685886
273,Alameda,County,79,24432,2,407,3537,780939,78,29171,104,23780,15,416,1685886
274,Alameda,County,115,24547,3,410,2565,783504,50,29221,112,23892,3,419,1685886
275,Alameda,County,162,24709,1,411,9377,792881,175,29396,99,23991,0,419,1685886
276,Alameda,County,196,24905,0,411,9354,802235,186,29582,64,24055,-1,418,1685886
277,Alameda,County,184,25089,1,412,8156,810391,192,29774,117,24172,0,418,1685886
278,Alameda,County,178,25267,1,413,8231,818622,233,30007,98,24270,2,420,1685886
279,Alameda,County,178,25445,2,415,8138,826760,185,30192,119,24389,0,420,1685886
280,Alameda,County,132,25577,0,415,4107,830867,132,30324,189,24578,4,424,1685886
281,Alameda,County,110,25687,2,417,2571,833438,61,30385,153,24731,0,424,1685886
282,Alameda,County,228,25915,0,417,10359,843797,232,30617,168,24899,0,424,1685886
283,Alameda,County,249,26164,0,417,10457,854254,222,30839,109,25008,0,424,1685886
284,Alameda,County,230,26394,0,417,6666,860920,221,31060,132,25140,5,429,1685886
285,Alameda,County,242,26636,4,421,10473,871393,269,31329,205,25345,3,432,1685886
286,Alameda,County,267,26903,3,424,10071,881464,298,31627,170,25515,2,434,1685886
287,Alameda,County,216,27119,2,426,4860,886324,200,31827,199,25714,1,435,1685886
288,Alameda,County,266,27385,1,427,3115,889439,182,32009,165,25879,1,436,1685886
289,Alameda,County,320,27705,2,429,11804,901243,378,32387,184,26063,0,436,1685886
290,Alameda,County,347,28052,1,430,12310,913553,336,32723,362,26425,3,439,1685886
291,Alameda,County,324,28376,1,431,11853,925406,367,33090,185,26610,1,440,1685886
292,Alameda,County,262,28638,1,432,12415,937821,342,33432,361,26971,1,441,1685886
293,Alameda,County,345,28983,0,432,12972,950793,393,33825,250,27221,3,444,1685886
294,Alameda,County,211,29194,0,432,6741,957534,237,34062,203,27424,0,444,1685886
295,Alameda,County,184,29378,0,432,3371,960905,131,34193,48,27472,0,444,1685886
296,Alameda,County,434,29812,0,432,15041,975946,486,34679,246,27718,0,444,1685886
297,Alameda,County,412,30224,2,434,12614,988560,408,35087,312,28030,0,444,1685886
298,Alameda,County,478,30702,1,435,10258,998818,554,35641,348,28378,3,447,1685886
299,Alameda,County,216,30918,1,436,1574,1000392,124,35765,419,28797,0,447,1685886
300,Alameda,County,412,31330,1,437,5511,1005903,337,36102,267,29064,3,450,1685886
301,Alameda,County,438,31768,2,439,6442,1012345,480,36582,304,29368,6,456,1685886
302,Alameda,County,309,32077,3,442,3377,1015722,189,36771,550,29918,1,457,1685886
303,Alameda,County,785,32862,4,446,15641,1031363,839,37610,54,29972,0,457,1685886
304,Alameda,County,816,33678,0,446,15103,1046466,844,38454,280,30252,3,460,1685886
305,Alameda,County,686,34364,2,448,13579,1060045,783,39237,445,30697,3,463,1685886
306,Alameda,County,622,34986,4,452,13239,1073284,809,40046,487,31184,2,465,1685886
307,Alameda,County,758,35744,0,452,13283,1086567,838,40884,687,31871,0,465,1685886
308,Alameda,County,550,36294,6,458,6715,1093282,556,41440,910,32781,0,465,1685886
309,Alameda,County,358,36652,7,465,3734,1097016,262,41702,696,33477,0,465,1685886
310,Alameda,County,970,37622,4,469,15777,1112793,1096,42798,410,33887,1,466,1685886
311,Alameda,County,862,38484,8,477,15109,1127902,1033,43831,486,34373,3,469,1685886
312,Alameda,County,896,39380,4,481,14329,1142231,1082,44913,674,35047,1,470,1685886
313,Alameda,County,843,40223,2,483,13594,1155825,1013,45926,639,35686,7,477,1685886
314,Alameda,County,769,40992,5,488,13260,1169085,870,46796,595,36281,5,482,1685886
315,Alameda,County,569,41561,7,495,7735,1176820,638,47434,746,37027,4,486,1685886
316,Alameda,County,435,41996,5,500,4471,1181291,381,47815,1037,38064,0,486,1685886
317,Alameda,County,1192,43188,5,505,16213,1197504,1282,49097,1188,39252,1,487,1685886
318,Alameda,County,893,44081,7,512,15489,1212993,1099,50196,774,40026,5,492,1685886
319,Alameda,County,856,44937,3,515,14615,1227608,1057,51253,725,40751,5,497,1685886
320,Alameda,County,853,45790,11,526,14911,1242519,1066,52319,797,41548,11,508,1685886
321,Alameda,County,801,46591,8,534,14183,1256702,949,53268,648,42196,7,515,1685886
322,Alameda,County,536,47127,13,547,7794,1264496,610,53878,913,43109,1,516,1685886
323,Alameda,County,444,47571,6,553,5534,1270030,412,54290,895,44004,0,516,1685886
324,Alameda,County,882,48453,7,560,17124,1287154,1141,55431,752,44756,2,518,1685886
325,Alameda,County,900,49353,7,567,15309,1302463,1106,56537,995,45751,16,534,1685886
326,Alameda,County,885,50238,10,577,13163,1315626,1014,57551,1002,46753,3,537,1685886
327,Alameda,County,566,50804,11,588,7295,1322921,567,58118,774,47527,4,541,1685886
328,Alameda,County,328,51132,11,599,2002,1324923,213,58331,838,48365,1,542,1685886
329,Alameda,County,559,51691,9,608,5440,1330363,524,58855,719,49084,9,551,1685886
330,Alameda,County,606,52297,6,614,4997,1335360,528,59383,680,49764,0,551,1685886
331,Alameda,County,1241,53538,10,624,16471,1351831,1414,60797,641,50405,0,551,1685886
332,Alameda,County,1036,54574,12,636,14712,1366543,1336,62133,541,50946,1,552,1685886
333,Alameda,County,1059,55633,11,647,13309,1379852,1321,63454,-788,50158,21,573,1685886
334,Alameda,County,761,56394,14,661,7698,1387550,739,64193,2317,52475,6,579,1685886
335,Alameda,County,523,56917,9,670,2651,1390201,267,64460,1043,53518,0,579,1685886
336,Alameda,County,646,57563,16,686,5960,1396161,637,65097,1000,54518,2,581,1685886
337,Alameda,County,613,58176,11,697,5495,1401656,536,65633,564,55082,-1,580,1685886
338,Alameda,County,1237,59413,16,713,16183,1417839,1420,67053,817,55899,3,583,1685886
339,Alameda,County,1248,60661,10,723,17625,1435464,1485,68538,533,56432,19,602,1685886
340,Alameda,County,1141,61802,7,730,14850,1450314,1327,69865,649,57081,14,616,1685886
341,Alameda,County,857,62659,10,740,13859,1464173,1035,70900,840,57921,16,632,1685886
342,Alameda,County,927,63586,11,751,13019,1477192,1062,71962,1251,59172,14,646,1685886
343,Alameda,County,538,64124,15,766,6839,1484031,621,72583,953,60125,3,649,1685886
344,Alameda,County,506,64630,9,775,5582,1489613,464,73047,986,61111,1,650,1685886
345,Alameda,County,971,65601,21,796,16973,1506586,1228,74275,838,61949,2,652,1685886
346,Alameda,County,852,66453,14,810,16143,1522729,1081,75356,693,62642,25,677,1685886
347,Alameda,County,810,67263,10,820,15179,1537908,1051,76407,926,63568,13,690,1685886
348,Alameda,County,745,68008,12,832,14349,1552257,1009,77416,796,64364,-4,686,1685886
349,Alameda,County,633,68641,7,839,12843,1565100,868,78284,1052,65416,-14,672,1685886
350,Alameda,County,421,69062,12,851,6391,1571491,555,78839,1167,66583,1,673,1685886
351,Alameda,County,306,69368,9,860,4055,1575546,285,79124,792,67375,3,676,1685886
352,Alameda,County,574,69942,4,864,9897,1585443,605,79729,563,67938,4,680,1685886
353,Alameda,County,682,70624,13,877,17378,1602821,795,80524,496,68434,0,680,1685886
354,Alameda,County,664,71288,13,890,15314,1618135,810,81334,351,68785,22,702,1685886
355,Alameda,County,520,71808,15,905,13952,1632087,654,81988,529,69314,37,739,1685886
356,Alameda,County,441,72249,6,911,12651,1644738,594,82582,379,69693,12,751,1685886
357,Alameda,County,326,72575,8,919,5297,1650035,382,82964,387,70080,29,780,1685886
358,Alameda,County,243,72818,11,930,3688,1653723,201,83165,743,70823,0,780,1685886
359,Alameda,County,507,73325,8,938,15366,1669089,672,83837,432,71255,0,780,1685886
360,Alameda,County,440,73765,12,950,14004,1683093,634,84471,596,71851,9,789,1685886
361,Alameda,County,383,74148,8,958,11217,1694310,412,84883,337,72188,26,815,1685886
362,Alameda,County,432,74580,9,967,12073,1706383,565,85448,570,72758,18,833,1685886
363,Alameda,County,437,75017,8,975,12287,1718670,605,86053,452,73210,8,841,1685886
364,Alameda,County,278,75295,9,984,4677,1723347,311,86364,412,73622,9,850,1685886
365,Alameda,County,203,75498,5,989,3342,1726689,122,86486,357,73979,7,857,1685886
366,Alameda,County,428,75926,10,999,15824,1742513,585,87071,395,74374,1,858,1685886
367,Alameda,County,355,76281,7,1006,14673,1757186,514,87585,268,74642,11,869,1685886
368,Alameda,County,345,76626,7,1013,12274,1769460,434,88019,326,74968,11,880,1685886
369,Alameda,County,334,76960,11,1024,12865,1782325,471,88490,454,75422,19,899,1685886
370,Alameda,County,285,77245,6,1030,11582,1793907,394,88884,294,75716,17,916,1685886
371,Alameda,County,226,77471,3,1033,4925,1798832,203,89087,454,76170,6,922,1685886
372,Alameda,County,158,77629,7,1040,3275,1802107,166,89253,330,76500,2,924,1685886
373,Alameda,County,303,77932,6,1046,15361,1817468,460,89713,235,76735,0,924,1685886
374,Alameda,County,267,78199,8,1054,14497,1831965,391,90104,283,77018,12,936,1685886
375,Alameda,County,265,78464,7,1061,12366,1844331,339,90443,326,77344,8,944,1685886
376,Alameda,County,204,78668,7,1068,11923,1856254,330,90773,220,77564,16,960,1685886
377,Alameda,County,228,78896,7,1075,10315,1866569,332,91105,394,77958,14,974,1685886
378,Alameda,County,135,79031,13,1088,4381,1870950,207,91312,288,78246,21,995,1685886
379,Alameda,County,118,79149,6,1094,2677,1873627,117,91429,196,78442,0,995,1685886
380,Alameda,County,157,79306,2,1096,6398,1880025,162,91591,205,78647,1,996,1685886
381,Alameda,County,200,79506,4,1100,16393,1896418,365,91956,109,78756,1,997,1685886
382,Alameda,County,174,79680,5,1105,11853,1908271,236,92192,139,78895,5,1002,1685886
383,Alameda,County,161,79841,3,1108,10388,1918659,233,92425,216,79111,10,1012,1685886
384,Alameda,County,147,79988,3,1111,10700,1929359,208,92633,207,79318,35,1047,1685886
385,Alameda,County,107,80095,4,1115,4490,1933849,130,92763,178,79496,8,1055,1685886
386,Alameda,County,93,80188,4,1119,3332,1937181,83,92846,153,79649,6,1061,1685886
387,Alameda,County,198,80386,4,1123,13220,1950401,264,93110,147,79796,1,1062,1685886
388,Alameda,County,152,80538,9,1132,13304,1963705,218,93328,152,79948,8,1070,1685886
389,Alameda,County,138,80676,2,1134,12351,1976056,182,93510,122,80070,12,1082,1685886
390,Alameda,County,123,80799,6,1140,10858,1986914,171,93681,111,80181,11,1093,1685886
391,Alameda,County,121,80920,2,1142,10261,1997175,182,93863,206,80387,13,1106,1685886
392,Alameda,County,96,81016,2,1144,4180,2001355,130,93993,178,80565,2,1108,1685886
393,Alameda,County,74,81090,0,1144,2955,2004310,60,94053,162,80727,-3,1105,1685886
394,Alameda,County,123,81213,4,1148,13655,2017965,154,94207,78,80805,0,1105,1685886
395,Alameda,County,126,81339,3,1151,12962,2030927,186,94393,99,80904,11,1116,1685886
396,Alameda,County,118,81457,2,1153,10864,2041791,138,94531,68,80972,11,1127,1685886
397,Alameda,County,120,81577,2,1155,10462,2052253,173,94704,143,81115,9,1136,1685886
398,Alameda,County,112,81689,1,1156,9631,2061884,135,94839,100,81215,5,1141,1685886
399,Alameda,County,87,81776,1,1157,4063,2065947,105,94944,95,81310,2,1143,1685886
400,Alameda,County,54,81830,1,1158,3418,2069365,33,94977,103,81413,2,1145,1685886
401,Alameda,County,119,81949,2,1160,13423,2082788,144,95121,130,81543,-3,1142,1685886
402,Alameda,County,114,82063,1,1161,13395,2096183,153,95274,75,81618,9,1151,1685886
403,Alameda,County,85,82148,1,1162,10792,2106975,123,95397,83,81701,9,1160,1685886
404,Alameda,County,108,82256,0,1162,10246,2117221,150,95547,108,81809,4,1164,1685886
405,Alameda,County,93,82349,1,1163,9599,2126820,144,95691,89,81898,0,1164,1685886
406,Alameda,County,78,82427,5,1168,3454,2130274,100,95791,112,82010,4,1168,1685886
407,Alameda,County,60,82487,1,1169,3040,2133314,51,95842,106,82116,0,1168,1685886
408,Alameda,County,86,82573,2,1171,12739,2146053,117,95959,43,82159,-1,1167,1685886
409,Alameda,County,88,82661,3,1174,13428,2159481,129,96088,100,82259,10,1177,1685886
410,Alameda,County,115,82776,3,1177,11761,2171242,129,96217,94,82353,8,1185,1685886
411,Alameda,County,76,82852,1,1178,9375,2180617,93,96310,66,82419,4,1189,1685886
412,Alameda,County,84,82936,2,1180,9543,2190160,105,96415,80,82499,-2,1187,1685886
413,Alameda,County,73,83009,2,1182,4046,2194206,77,96492,115,82614,-9,1178,1685886
414,Alameda,County,69,83078,1,1183,2992,2197198,49,96541,70,82684,9,1187,1685886
415,Alameda,County,88,83166,1,1184,13060,2210258,134,96675,64,82748,2,1189,1685886
416,Alameda,County,92,83258,3,1187,11418,2221676,139,96814,51,82799,1,1190,1685886
417,Alameda,County,103,83361,1,1188,10827,2232503,139,96953,72,82871,9,1199,1685886
418,Alameda,County,95,83456,2,1190,9528,2242031,139,97092,74,82945,7,1206,1685886
419,Alameda,County,98,83554,0,1190,7270,2249301,133,97225,98,83043,2,1208,1685886
420,Alameda,County,62,83616,2,1192,3877,2253178,84,97309,126,83169,3,1211,1685886
421,Alameda,County,72,83688,0,1192,3277,2256455,47,97356,70,83239,1,1212,1685886
422,Alameda,County,122,83810,1,1193,14716,2271171,141,97497,99,83338,-1,1211,1685886
423,Alameda,County,101,83911,0,1193,11745,2282916,129,97626,57,83395,0,1211,1685886
424,Alameda,County,100,84011,1,1194,10571,2293487,126,97752,80,83475,4,1215,1685886
425,Alameda,County,82,84093,2,1196,9038,2302525,127,97879,99,83574,1,1216,1685886
243,Amador,County,0,300,0,16,337,19955,0,340,0,294,0,16,38531
244,Amador,County,0,300,0,16,115,20070,2,342,2,296,0,16,38531
245,Amador,County,1,301,0,16,36,20106,2,344,0,296,0,16,38531
246,Amador,County,1,302,0,16,43,20149,0,344,1,297,0,16,38531
247,Amador,County,2,304,0,16,154,20303,2,346,2,299,0,16,38531
248,Amador,County,0,304,0,16,440,20743,1,347,2,301,0,16,38531
249,Amador,County,2,306,0,16,584,21327,1,348,1,302,0,16,38531
250,Amador,County,0,306,0,16,426,21753,2,350,0,302,0,16,38531
251,Amador,County,1,307,0,16,341,22094,1,351,1,303,0,16,38531
252,Amador,County,0,307,0,16,41,22135,0,351,1,304,0,16,38531
253,Amador,County,1,308,0,16,27,22162,0,351,1,305,0,16,38531
254,Amador,County,2,310,0,16,103,22265,1,352,0,305,0,16,38531
255,Amador,County,1,311,0,16,262,22527,1,353,1,306,0,16,38531
256,Amador,County,2,313,0,16,281,22808,4,357,2,308,0,16,38531
257,Amador,County,2,315,0,16,242,23050,0,357,1,309,0,16,38531
258,Amador,County,0,315,0,16,201,23251,0,357,0,309,0,16,38531
259,Amador,County,0,315,0,16,37,23288,0,357,0,309,0,16,38531
260,Amador,County,2,317,0,16,81,23369,0,357,4,313,0,16,38531
261,Amador,County,12,329,0,16,325,23694,10,367,0,313,0,16,38531
262,Amador,County,6,335,0,16,281,23975,5,372,0,313,0,16,38531
263,Amador,County,1,336,0,16,84,24059,1,373,0,313,0,16,38531
264,Amador,County,5,341,0,16,217,24276,5,378,4,317,0,16,38531
265,Amador,County,4,345,0,16,383,24659,3,381,7,324,0,16,38531
266,Amador,County,1,346,0,16,65,24724,3,384,4,328,0,16,38531
267,Amador,County,1,347,0,16,46,24770,1,385,2,330,0,16,38531
268,Amador,County,11,358,0,16,518,25288,5,390,1,331,0,16,38531
269,Amador,County,4,362,0,16,523,25811,6,396,4,335,0,16,38531
270,Amador,County,3,365,0,16,161,25972,2,398,2,337,0,16,38531
271,Amador,County,3,368,0,16,250,26222,5,403,1,338,0,16,38531
272,Amador,County,4,372,0,16,167,26389,3,406,6,344,0,16,38531
273,Amador,County,0,372,0,16,52,26441,3,409,3,347,0,16,38531
274,Amador,County,4,376,0,16,253,26694,6,415,5,352,0,16,38531
275,Amador,County,3,379,0,16,246,26940,4,419,5,357,0,16,38531
276,Amador,County,8,387,0,16,203,27143,4,423,4,361,0,16,38531
277,Amador,County,5,392,0,16,279,27422,5,428,1,362,0,16,38531
278,Amador,County,3,395,0,16,161,27583,5,433,1,363,0,16,38531
279,Amador,County,3,398,0,16,303,27886,1,434,6,369,0,16,38531
280,Amador,County,2,400,0,16,56,27942,0,434,6,375,0,16,38531
281,Amador,County,3,403,0,16,221,28163,8,442,1,376,0,16,38531
282,Amador,County,7,410,0,16,368,28531,5,447,4,380,0,16,38531
283,Amador,County,9,419,0,16,158,28689,10,457,4,384,0,16,38531
284,Amador,County,6,425,0,16,175,28864,2,459,5,389,0,16,38531
285,Amador,County,7,432,0,16,485,29349,13,472,3,392,0,16,38531
286,Amador,County,1,433,0,16,216,29565,7,479,5,397,0,16,38531
287,Amador,County,3,436,0,16,57,29622,0,479,7,404,0,16,38531
288,Amador,County,9,445,0,16,301,29923,12,491,5,409,0,16,38531
289,Amador,County,12,457,0,16,337,30260,10,501,5,414,0,16,38531
290,Amador,County,8,465,0,16,511,30771,5,506,9,423,0,16,38531
291,Amador,County,11,476,0,16,303,31074,12,518,7,430,0,16,38531
292,Amador,County,5,481,0,16,333,31407,11,529,6,436,0,16,38531
293,Amador,County,4,485,0,16,140,31547,5,534,10,446,0,16,38531
294,Amador,County,4,489,0,16,73,31620,1,535,4,450,0,16,38531
295,Amador,County,14,503,0,16,290,31910,13,548,0,450,0,16,38531
296,Amador,County,12,515,0,16,430,32340,19,567,7,457,0,16,38531
297,Amador,County,41,556,0,16,771,33111,45,612,13,470,0,16,38531
298,Amador,County,25,581,0,16,765,33876,18,630,14,484,0,16,38531
299,Amador,County,10,591,0,16,29,33905,6,636,4,488,0,16,38531
300,Amador,County,8,599,0,16,117,34022,6,642,10,498,0,16,38531
301,Amador,County,47,646,0,16,134,34156,37,679,38,536,0,16,38531
302,Amador,County,77,723,0,16,427,34583,75,754,12,548,0,16,38531
303,Amador,County,151,874,0,16,1042,35625,165,919,11,559,0,16,38531
304,Amador,County,41,915,0,16,1492,37117,47,966,16,575,0,16,38531
305,Amador,County,147,1062,0,16,1604,38721,151,1117,10,585,0,16,38531
306,Amador,County,72,1134,1,17,1001,39722,166,1283,68,653,0,16,38531
307,Amador,County,51,1185,0,17,1257,40979,53,1336,113,766,0,16,38531
308,Amador,County,14,1199,0,17,103,41082,8,1344,81,847,1,17,38531
309,Amador,County,24,1223,0,17,328,41410,27,1371,105,952,0,17,38531
310,Amador,County,63,1286,1,18,878,42288,109,1480,41,993,0,17,38531
311,Amador,County,75,1361,0,18,1497,43785,74,1554,50,1043,0,17,38531
312,Amador,County,286,1647,1,19,1602,45387,304,1858,78,1121,2,19,38531
313,Amador,County,43,1690,0,19,770,46157,50,1908,70,1191,-1,18,38531
314,Amador,County,57,1747,0,19,1282,47439,87,1995,22,1213,1,19,38531
315,Amador,County,16,1763,0,19,85,47524,13,2008,23,1236,0,19,38531
316,Amador,County,28,1791,1,20,465,47989,27,2035,221,1457,0,19,38531
317,Amador,County,56,1847,0,20,766,48755,62,2097,152,1609,0,19,38531
318,Amador,County,72,1919,2,22,1420,50175,77,2174,60,1669,0,19,38531
319,Amador,County,113,2032,1,23,1273,51448,127,2301,24,1693,0,19,38531
320,Amador,County,47,2079,0,23,846,52294,67,2368,10,1703,0,19,38531
321,Amador,County,48,2127,0,23,1108,53402,67,2435,24,1727,1,20,38531
322,Amador,County,17,2144,0,23,45,53447,6,2441,27,1754,3,23,38531
323,Amador,County,24,2168,1,24,258,53705,14,2455,17,1771,0,23,38531
324,Amador,County,58,2226,1,25,738,54443,65,2520,44,1815,0,23,38531
325,Amador,County,77,2303,0,25,1369,55812,98,2618,24,1839,0,23,38531
326,Amador,County,11,2314,0,25,831,56643,27,2645,269,2108,0,23,38531
327,Amador,County,68,2382,0,25,861,57504,75,2720,37,2145,0,23,38531
328,Amador,County,12,2394,0,25,76,57580,6,2726,27,2172,0,23,38531
329,Amador,County,43,2437,0,25,364,57944,41,2767,17,2189,0,23,38531
330,Amador,County,14,2451,0,25,305,58249,17,2784,29,2218,0,23,38531
331,Amador,County,121,2572,0,25,1465,59714,127,2911,37,2255,0,23,38531
332,Amador,County,70,2642,0,25,993,60707,78,2989,133,2388,0,23,38531
333,Amador,County,52,2694,0,25,896,61603,47,3036,30,2418,1,24,38531
334,Amador,County,20,2714,0,25,604,62207,14,3050,75,2493,0,24,38531
335,Amador,County,14,2728,0,25,41,62248,11,3061,20,2513,0,24,38531
336,Amador,County,26,2754,0,25,422,62670,18,3079,27,2540,0,24,38531
337,Amador,County,19,2773,0,25,241,62911,24,3103,25,2565,0,24,38531
338,Amador,County,64,2837,2,27,466,63377,81,3184,31,2596,0,24,38531
339,Amador,County,40,2877,0,27,703,64080,52,3236,99,2695,0,24,38531
340,Amador,County,40,2917,2,29,1221,65301,56,3292,22,2717,0,24,38531
341,Amador,County,21,2938,0,29,537,65838,30,3322,23,2740,0,24,38531
342,Amador,County,13,2951,0,29,373,66211,14,3336,52,2792,0,24,38531
343,Amador,County,7,2958,0,29,39,66250,3,3339,17,2809,0,24,38531
344,Amador,County,7,2965,0,29,277,66527,7,3346,52,2861,0,24,38531
345,Amador,County,24,2989,0,29,1090,67617,35,3381,6,2867,0,24,38531
346,Amador,County,14,3003,0,29,752,68369,18,3399,30,2897,2,26,38531
347,Amador,County,17,3020,0,29,505,68874,25,3424,17,2914,0,26,38531
348,Amador,County,14,3034,0,29,1027,69901,19,3443,26,2940,2,28,38531
349,Amador,County,6,3040,2,31,558,70459,11,3454,13,2953,0,28,38531
350,Amador,County,7,3047,0,31,117,70576,13,3467,33,2986,0,28,38531
351,Amador,County,3,3050,0,31,64,70640,3,3470,15,3001,0,28,38531
352,Amador,County,7,3057,0,31,398,71038,11,3481,15,3016,0,28,38531
353,Amador,County,14,3071,1,32,1056,72094,15,3496,8,3024,0,28,38531
354,Amador,County,9,3080,1,33,653,72747,5,3501,12,3036,1,29,38531
355,Amador,County,31,3111,0,33,561,73308,39,3540,2,3038,0,29,38531
356,Amador,County,22,3133,0,33,836,74144,22,3562,4,3042,1,30,38531
357,Amador,County,5,3138,1,34,101,74245,5,3567,7,3049,0,30,38531
358,Amador,County,3,3141,0,34,257,74502,4,3571,5,3054,0,30,38531
359,Amador,County,33,3174,0,34,898,75400,40,3611,20,3074,0,30,38531
360,Amador,County,40,3214,1,35,747,76147,43,3654,39,3113,1,31,38531
361,Amador,County,11,3225,0,35,711,76858,18,3672,3,3116,0,31,38531
362,Amador,County,16,3241,0,35,583,77441,13,3685,8,3124,0,31,38531
363,Amador,County,37,3278,1,36,779,78220,53,3738,10,3134,1,32,38531
364,Amador,County,12,3290,0,36,70,78290,10,3748,47,3181,0,32,38531
365,Amador,County,4,3294,1,37,217,78507,6,3754,31,3212,0,32,38531
366,Amador,County,10,3304,0,37,723,79230,13,3767,22,3234,0,32,38531
367,Amador,County,11,3315,0,37,814,80044,13,3780,41,3275,1,33,38531
368,Amador,County,31,3346,1,38,793,80837,39,3819,6,3281,0,33,38531
369,Amador,County,4,3350,0,38,574,81411,3,3822,7,3288,0,33,38531
370,Amador,County,3,3353,0,38,714,82125,3,3825,11,3299,0,33,38531
371,Amador,County,5,3358,0,38,79,82204,3,3828,7,3306,0,33,38531
372,Amador,County,6,3364,1,39,247,82451,2,3830,37,3343,0,33,38531
373,Amador,County,21,3385,1,40,727,83178,24,3854,1,3344,0,33,38531
374,Amador,County,7,3392,0,40,614,83792,5,3859,3,3347,2,35,38531
375,Amador,County,8,3400,0,40,943,84735,9,3868,1,3348,0,35,38531
376,Amador,County,12,3412,0,40,613,85348,12,3880,20,3368,0,35,38531
377,Amador,County,4,3416,0,40,488,85836,3,3883,13,3381,3,38,38531
378,Amador,County,4,3420,1,41,75,85911,12,3895,6,3387,0,38,38531
379,Amador,County,3,3423,0,41,47,85958,2,3897,11,3398,1,39,38531
380,Amador,County,5,3428,0,41,314,86272,3,3900,11,3409,0,39,38531
381,Amador,County,4,3432,0,41,855,87127,6,3906,4,3413,0,39,38531
382,Amador,County,7,3439,1,42,748,87875,14,3920,2,3415,-1,38,38531
383,Amador,County,4,3443,0,42,628,88503,5,3925,2,3417,0,38,38531
384,Amador,County,4,3447,0,42,726,89229,6,3931,10,3427,1,39,38531
385,Amador,County,4,3451,0,42,72,89301,6,3937,5,3432,0,39,38531
386,Amador,County,2,3453,0,42,201,89502,4,3941,3,3435,0,39,38531
387,Amador,County,8,3461,0,42,683,90185,8,3949,3,3438,0,39,38531
388,Amador,County,5,3466,0,42,762,90947,4,3953,2,3440,2,41,38531
389,Amador,County,2,3468,0,42,946,91893,7,3960,4,3444,0,41,38531
390,Amador,County,5,3473,0,42,428,92321,4,3964,4,3448,0,41,38531
391,Amador,County,3,3476,0,42,290,92611,6,3970,9,3457,1,42,38531
392,Amador,County,6,3482,1,43,78,92689,4,3974,6,3463,0,42,38531
393,Amador,County,2,3484,0,43,245,92934,1,3975,3,3466,0,42,38531
394,Amador,County,5,3489,0,43,476,93410,10,3985,3,3469,0,42,38531
395,Amador,County,3,3492,0,43,613,94023,3,3988,5,3474,0,42,38531
396,Amador,County,2,3494,0,43,548,94571,6,3994,4,3478,0,42,38531
397,Amador,County,2,3496,0,43,377,94948,2,3996,2,3480,0,42,38531
398,Amador,County,1,3497,0,43,488,95436,1,3997,4,3484,0,42,38531
399,Amador,County,1,3498,0,43,75,95511,0,3997,3,3487,0,42,38531
400,Amador,County,4,3502,0,43,236,95747,6,4003,2,3489,0,42,38531
401,Amador,County,3,3505,0,43,685,96432,5,4008,1,3490,0,42,38531
402,Amador,County,3,3508,1,44,745,97177,0,4008,4,3494,0,42,38531
403,Amador,County,2,3510,0,44,390,97567,2,4010,2,3496,0,42,38531
404,Amador,County,2,3512,1,45,365,97932,1,4011,2,3498,0,42,38531
405,Amador,County,1,3513,0,45,497,98429,1,4012,5,3503,2,44,38531
406,Amador,County,3,3516,0,45,81,98510,6,4018,1,3504,0,44,38531
407,Amador,County,3,3519,0,45,72,98582,0,4018,0,3504,0,44,38531
408,Amador,County,5,3524,0,45,635,99217,4,4022,2,3506,0,44,38531
409,Amador,County,1,3525,0,45,667,99884,3,4025,4,3510,0,44,38531
410,Amador,County,2,3527,0,45,422,100306,7,4032,1,3511,0,44,38531
411,Amador,County,2,3529,1,46,419,100725,0,4032,2,3513,0,44,38531
412,Amador,County,4,3533,0,46,579,101304,4,4036,2,3515,0,44,38531
413,Amador,County,3,3536,0,46,67,101371,2,4038,3,3518,0,44,38531
414,Amador,County,2,3538,0,46,90,101461,4,4042,1,3519,0,44,38531
415,Amador,County,4,3542,0,46,717,102178,6,4048,3,3522,0,44,38531
416,Amador,County,8,3550,0,46,739,102917,2,4050,2,3524,1,45,38531
417,Amador,County,6,3556,0,46,450,103367,4,4054,5,3529,0,45,38531
418,Amador,County,6,3562,0,46,413,103780,6,4060,1,3530,0,45,38531
419,Amador,County,2,3564,0,46,446,104226,4,4064,2,3532,0,45,38531
420,Amador,County,5,3569,0,46,82,104308,9,4073,6,3538,0,45,38531
421,Amador,County,5,3574,0,46,34,104342,2,4075,3,3541,0,45,38531
422,Amador,County,4,3578,0,46,683,105025,7,4082,8,3549,0,45,38531
423,Amador,County,6,3584,1,47,561,105586,6,4088,2,3551,0,45,38531
424,Amador,County,3,3587,0,47,318,105904,8,4096,5,3556,0,45,38531
425,Amador,County,3,3590,0,47,446,106350,9,4105,2,3558,0,45,38531
243,Butte,County,8,2985,1,50,566,60651,8,2675,7,2865,1,45,217769
244,Butte,County,8,2993,1,51,787,61438,25,2700,14,2879,1,46,217769
245,Butte,County,10,3003,0,51,277,61715,2,2702,15,2894,0,46,217769
246,Butte,County,6,3009,1,52,239,61954,4,2706,9,2903,0,46,217769
247,Butte,County,14,3023,0,52,835,62789,14,2720,7,2910,0,46,217769
248,Butte,County,10,3033,1,53,983,63772,16,2736,15,2925,1,47,217769
249,Butte,County,7,3040,0,53,809,64581,10,2746,2,2927,0,47,217769
250,Butte,County,12,3052,0,53,788,65369,13,2759,8,2935,4,51,217769
251,Butte,County,10,3062,0,53,746,66115,12,2771,21,2956,0,51,217769
252,Butte,County,3,3065,1,54,361,66476,7,2778,6,2962,3,54,217769
253,Butte,County,5,3070,0,54,218,66694,5,2783,5,2967,0,54,217769
254,Butte,County,8,3078,0,54,689,67383,10,2793,8,2975,0,54,217769
255,Butte,County,6,3084,1,55,852,68235,4,2797,17,2992,0,54,217769
256,Butte,County,9,3093,1,56,996,69231,11,2808,3,2995,0,54,217769
257,Butte,County,8,3101,0,56,539,69770,10,2818,5,3000,0,54,217769
258,Butte,County,12,3113,0,56,679,70449,11,2829,4,3004,0,54,217769
259,Butte,County,11,3124,0,56,394,70843,4,2833,8,3012,1,55,217769
260,Butte,County,8,3132,0,56,259,71102,7,2840,7,3019,0,55,217769
261,Butte,County,13,3145,0,56,686,71788,12,2852,7,3026,0,55,217769
262,Butte,County,11,3156,1,57,818,72606,15,2867,1,3027,1,56,217769
263,Butte,County,12,3168,0,57,684,73290,11,2878,14,3041,-1,55,217769
264,Butte,County,12,3180,1,58,862,74152,8,2886,5,3046,0,55,217769
265,Butte,County,10,3190,0,58,656,74808,11,2897,13,3059,0,55,217769
266,Butte,County,9,3199,0,58,289,75097,6,2903,19,3078,1,56,217769
267,Butte,County,9,3208,0,58,270,75367,16,2919,9,3087,0,56,217769
268,Butte,County,19,3227,0,58,881,76248,27,2946,8,3095,0,56,217769
269,Butte,County,12,3239,0,58,836,77084,13,2959,12,3107,0,56,217769
270,Butte,County,16,3255,0,58,908,77992,18,2977,27,3134,0,56,217769
271,Butte,County,16,3271,0,58,814,78806,12,2989,9,3143,1,57,217769
272,Butte,County,18,3289,0,58,811,79617,21,3010,17,3160,0,57,217769
273,Butte,County,5,3294,1,59,243,79860,6,3016,12,3172,0,57,217769
274,Butte,County,13,3307,0,59,340,80200,4,3020,13,3185,0,57,217769
275,Butte,County,23,3330,0,59,969,81169,17,3037,13,3198,0,57,217769
276,Butte,County,20,3350,0,59,754,81923,17,3054,13,3211,0,57,217769
277,Butte,County,23,3373,0,59,638,82561,13,3067,7,3218,0,57,217769
278,Butte,County,26,3399,0,59,736,83297,30,3097,21,3239,0,57,217769
279,Butte,County,23,3422,1,60,751,84048,26,3123,15,3254,0,57,217769
280,Butte,County,25,3447,1,61,393,84441,28,3151,23,3277,0,57,217769
281,Butte,County,12,3459,0,61,238,84679,7,3158,8,3285,0,57,217769
282,Butte,County,38,3497,0,61,979,85658,28,3186,16,3301,0,57,217769
283,Butte,County,45,3542,0,61,1093,86751,52,3238,26,3327,1,58,217769
284,Butte,County,36,3578,1,62,934,87685,23,3261,21,3348,0,58,217769
285,Butte,County,25,3603,0,62,991,88676,34,3295,-1,3347,0,58,217769
286,Butte,County,49,3652,0,62,771,89447,36,3331,55,3402,0,58,217769
287,Butte,County,24,3676,0,62,506,89953,20,3351,32,3434,0,58,217769
288,Butte,County,36,3712,0,62,426,90379,28,3379,18,3452,0,58,217769
289,Butte,County,53,3765,1,63,1288,91667,47,3426,38,3490,0,58,217769
290,Butte,County,39,3804,0,63,1191,92858,49,3475,10,3500,1,59,217769
291,Butte,County,42,3846,0,63,1495,94353,53,3528,37,3537,0,59,217769
292,Butte,County,53,3899,0,63,1137,95490,60,3588,39,3576,1,60,217769
293,Butte,County,49,3948,0,63,1095,96585,58,3646,42,3618,0,60,217769
294,Butte,County,32,3980,0,63,572,97157,31,3677,46,3664,1,61,217769
295,Butte,County,48,4028,1,64,383,97540,44,3721,48,3712,0,61,217769
296,Butte,County,49,4077,0,64,1533,99073,53,3774,53,3765,0,61,217769
297,Butte,County,64,4141,1,65,1324,100397,69,3843,33,3798,2,63,217769
298,Butte,County,86,4227,0,65,1221,101618,90,3933,50,3848,1,64,217769
299,Butte,County,30,4257,1,66,187,101805,13,3946,46,3894,1,65,217769
300,Butte,County,63,4320,1,67,782,102587,67,4013,0,3894,0,65,217769
301,Butte,County,41,4361,1,68,396,102983,34,4047,0,3894,0,65,217769
302,Butte,County,58,4419,0,68,536,103519,47,4094,114,4008,0,65,217769
303,Butte,County,98,4517,1,69,1434,104953,115,4209,140,4148,0,65,217769
304,Butte,County,117,4634,0,69,1294,106247,87,4296,29,4177,0,65,217769
305,Butte,County,104,4738,2,71,1434,107681,108,4404,66,4243,0,65,217769
306,Butte,County,122,4860,2,73,1319,109000,143,4547,62,4305,0,65,217769
307,Butte,County,94,4954,1,74,985,109985,98,4645,31,4336,0,65,217769
308,Butte,County,71,5025,4,78,511,110496,56,4701,119,4455,1,66,217769
309,Butte,County,69,5094,3,81,417,110913,49,4750,72,4527,1,67,217769
310,Butte,County,150,5244,1,82,1425,112338,144,4894,77,4604,0,67,217769
311,Butte,County,136,5380,1,83,1385,113723,137,5031,47,4651,3,70,217769
312,Butte,County,156,5536,1,84,1341,115064,194,5225,82,4733,0,70,217769
313,Butte,County,141,5677,1,85,1264,116328,159,5384,130,4863,2,72,217769
314,Butte,County,116,5793,2,87,1072,117400,121,5505,78,4941,1,73,217769
315,Butte,County,71,5864,1,88,608,118008,49,5554,31,4972,0,73,217769
316,Butte,County,72,5936,4,92,459,118467,52,5606,131,5103,2,75,217769
317,Butte,County,149,6085,1,93,1553,120020,186,5792,99,5202,0,75,217769
318,Butte,County,168,6253,5,98,1588,121608,174,5966,363,5565,0,75,217769
319,Butte,County,136,6389,1,99,1265,122873,133,6099,94,5659,1,76,217769
320,Butte,County,189,6578,3,102,1315,124188,210,6309,87,5746,2,78,217769
321,Butte,County,124,6702,0,102,1165,125353,145,6454,145,5891,3,81,217769
322,Butte,County,84,6786,1,103,604,125957,98,6552,227,6118,0,81,217769
323,Butte,County,100,6886,3,106,659,126616,72,6624,110,6228,0,81,217769
324,Butte,County,146,7032,0,106,1556,128172,167,6791,107,6335,0,81,217769
325,Butte,County,155,7187,4,110,1310,129482,180,6971,132,6467,4,85,217769
326,Butte,County,127,7314,3,113,1202,130684,148,7119,121,6588,-1,84,217769
327,Butte,County,86,7400,3,116,784,131468,79,7198,128,6716,0,84,217769
328,Butte,County,38,7438,1,117,137,131605,10,7208,157,6873,1,85,217769
329,Butte,County,97,7535,0,117,527,132132,95,7303,95,6968,1,86,217769
330,Butte,County,94,7629,2,119,480,132612,79,7382,48,7016,0,86,217769
331,Butte,County,154,7783,3,122,1379,133991,175,7557,37,7053,0,86,217769
332,Butte,County,166,7949,2,124,1451,135442,195,7752,125,7178,12,98,217769
333,Butte,County,171,8120,2,126,1236,136678,196,7948,-38,7140,5,103,217769
334,Butte,County,160,8280,4,130,1109,137787,172,8120,265,7405,2,105,217769
335,Butte,County,73,8353,1,131,282,138069,30,8150,184,7589,0,105,217769
336,Butte,County,101,8454,3,134,524,138593,92,8242,161,7750,0,105,217769
337,Butte,County,107,8561,1,135,624,139217,105,8347,87,7837,0,105,217769
338,Butte,County,190,8751,1,136,1522,140739,206,8553,56,7893,0,105,217769
339,Butte,County,158,8909,1,137,1243,141982,172,8725,115,8008,2,107,217769
340,Butte,County,139,9048,4,141,1199,143181,192,8917,139,8147,3,110,217769
341,Butte,County,112,9160,3,144,1042,144223,150,9067,131,8278,2,112,217769
342,Butte,County,96,9256,1,145,946,145169,114,9181,152,8430,3,115,217769
343,Butte,County,59,9315,2,147,547,145716,64,9245,122,8552,3,118,217769
344,Butte,County,81,9396,2,149,563,146279,98,9343,113,8665,1,119,217769
345,Butte,County,117,9513,2,151,1306,147585,149,9492,92,8757,0,119,217769
346,Butte,County,112,9625,1,152,1233,148818,131,9623,126,8883,5,124,217769
347,Butte,County,84,9709,0,152,1065,149883,99,9722,130,9013,2,126,217769
348,Butte,County,79,9788,1,153,1198,151081,116,9838,114,9127,3,129,217769
349,Butte,County,84,9872,0,153,911,151992,93,9931,106,9233,0,129,217769
350,Butte,County,38,9910,0,153,413,152405,36,9967,126,9359,0,129,217769
351,Butte,County,30,9940,1,154,370,152775,32,9999,52,9411,0,129,217769
352,Butte,County,72,10012,0,154,929,153704,72,10071,63,9474,0,129,217769
353,Butte,County,87,10099,0,154,1193,154897,102,10173,54,9528,0,129,217769
354,Butte,County,65,10164,1,155,949,155846,70,10243,54,9582,1,130,217769
355,Butte,County,57,10221,1,156,915,156761,66,10309,61,9643,0,130,217769
356,Butte,County,71,10292,1,157,921,157682,81,10390,68,9711,3,133,217769
357,Butte,County,49,10341,0,157,476,158158,43,10433,46,9757,0,133,217769
358,Butte,County,30,10371,3,160,310,158468,32,10465,63,9820,0,133,217769
359,Butte,County,84,10455,1,161,1230,159698,100,10565,45,9865,0,133,217769
360,Butte,County,66,10521,4,165,920,160618,67,10632,78,9943,3,136,217769
361,Butte,County,42,10563,0,165,817,161435,58,10690,45,9988,2,138,217769
362,Butte,County,39,10602,0,165,926,162361,48,10738,49,10037,0,138,217769
363,Butte,County,41,10643,2,167,829,163190,61,10799,85,10122,0,138,217769
364,Butte,County,31,10674,1,168,420,163610,29,10828,55,10177,1,139,217769
365,Butte,County,35,10709,2,170,305,163915,38,10866,38,10215,1,140,217769
366,Butte,County,42,10751,1,171,1045,164960,49,10915,48,10263,1,141,217769
367,Butte,County,42,10793,0,171,998,165958,66,10981,44,10307,0,141,217769
368,Butte,County,27,10820,0,171,835,166793,36,11017,48,10355,3,144,217769
369,Butte,County,36,10856,0,171,824,167617,41,11058,31,10386,3,147,217769
370,Butte,County,32,10888,0,171,773,168390,34,11092,35,10421,3,150,217769
371,Butte,County,18,10906,1,172,365,168755,19,11111,59,10480,0,150,217769
372,Butte,County,17,10923,1,173,254,169009,17,11128,33,10513,2,152,217769
373,Butte,County,33,10956,0,173,917,169926,43,11171,11,10524,0,152,217769
374,Butte,County,22,10978,1,174,924,170850,26,11197,39,10563,1,153,217769
375,Butte,County,28,11006,1,175,755,171605,26,11223,31,10594,2,155,217769
376,Butte,County,26,11032,1,176,738,172343,31,11254,30,10624,0,155,217769
377,Butte,County,24,11056,1,177,714,173057,33,11287,31,10655,0,155,217769
378,Butte,County,15,11071,1,178,307,173364,16,11303,44,10699,0,155,217769
379,Butte,County,16,11087,1,179,263,173627,16,11319,18,10717,0,155,217769
380,Butte,County,24,11111,0,179,722,174349,30,11349,6,10723,0,155,217769
381,Butte,County,18,11129,0,179,730,175079,21,11370,25,10748,9,164,217769
382,Butte,County,26,11155,0,179,759,175838,26,11396,22,10770,10,174,217769
383,Butte,County,18,11173,0,179,629,176467,23,11419,21,10791,1,175,217769
384,Butte,County,19,11192,1,180,755,177222,20,11439,32,10823,1,176,217769
385,Butte,County,10,11202,0,180,302,177524,12,11451,15,10838,0,176,217769
386,Butte,County,8,11210,0,180,244,177768,12,11463,17,10855,0,176,217769
387,Butte,County,23,11233,0,180,894,178662,33,11496,0,10855,0,176,217769
388,Butte,County,12,11245,0,180,719,179381,14,11510,32,10887,0,176,217769
389,Butte,County,15,11260,0,180,615,179996,21,11531,28,10915,2,178,217769
390,Butte,County,12,11272,0,180,591,180587,29,11560,7,10922,0,178,217769
391,Butte,County,21,11293,0,180,637,181224,21,11581,19,10941,2,180,217769
392,Butte,County,10,11303,1,181,265,181489,12,11593,21,10962,0,180,217769
393,Butte,County,12,11315,0,181,258,181747,11,11604,8,10970,0,180,217769
394,Butte,County,15,11330,1,182,816,182563,14,11618,11,10981,0,180,217769
395,Butte,County,16,11346,1,183,681,183244,19,11637,26,11007,2,182,217769
396,Butte,County,9,11355,0,183,666,183910,21,11658,7,11014,2,184,217769
397,Butte,County,7,11362,0,183,497,184407,7,11665,19,11033,1,185,217769
398,Butte,County,7,11369,0,183,557,184964,16,11681,17,11050,0,185,217769
399,Butte,County,11,11380,0,183,258,185222,5,11686,15,11065,0,185,217769
400,Butte,County,4,11384,0,183,260,185482,5,11691,10,11075,0,185,217769
401,Butte,County,15,11399,0,183,790,186272,13,11704,7,11082,0,185,217769
402,Butte,County,15,11414,1,184,777,187049,27,11731,10,11092,0,185,217769
403,Butte,County,13,11427,0,184,769,187818,13,11744,4,11096,0,185,217769
404,Butte,County,11,11438,1,185,635,188453,15,11759,14,11110,0,185,217769
405,Butte,County,11,11449,2,187,520,188973,12,11771,16,11126,-1,184,217769
406,Butte,County,10,11459,2,189,259,189232,8,11779,5,11131,1,185,217769
407,Butte,County,10,11469,0,189,204,189436,8,11787,9,11140,0,185,217769
408,Butte,County,13,11482,0,189,661,190097,15,11802,1,11141,0,185,217769
409,Butte,County,13,11495,0,189,666,190763,14,11816,13,11154,-1,184,217769
410,Butte,County,12,11507,0,189,539,191302,10,11826,16,11170,1,185,217769
411,Butte,County,9,11516,1,190,537,191839,6,11832,9,11179,0,185,217769
412,Butte,County,11,11527,0,190,489,192328,14,11846,12,11191,0,185,217769
413,Butte,County,9,11536,0,190,301,192629,11,11857,8,11199,0,185,217769
414,Butte,County,6,11542,0,190,270,192899,6,11863,9,11208,0,185,217769
415,Butte,County,16,11558,1,191,829,193728,24,11887,3,11211,0,185,217769
416,Butte,County,9,11567,0,191,495,194223,14,11901,16,11227,2,187,217769
417,Butte,County,11,11578,0,191,703,194926,18,11919,25,11252,0,187,217769
418,Butte,County,10,11588,0,191,621,195547,13,11932,18,11270,1,188,217769
419,Butte,County,10,11598,1,192,450,195997,9,11941,8,11278,3,191,217769
420,Butte,County,10,11608,0,192,266,196263,8,11949,0,11278,0,191,217769
421,Butte,County,7,11615,0,192,230,196493,6,11955,7,11285,0,191,217769
422,Butte,County,13,11628,0,192,884,197377,19,11974,6,11291,0,191,217769
423,Butte,County,9,11637,0,192,493,197870,13,11987,5,11296,2,193,217769
424,Butte,County,13,11650,0,192,632,198502,11,11998,25,11321,0,193,217769
425,Butte,County,10,11660,0,192,566,199068,13,12011,7,11328,0,193,217769
243,Calaveras,County,1,315,0,18,95,11648,0,338,-1,257,0,11,44289
244,Calaveras,County,0,315,0,18,118,11766,4,342,2,259,0,11,44289
245,Calaveras,County,1,316,0,18,57,11823,1,343,0,259,0,11,44289
246,Calaveras,County,0,316,0,18,35,11858,0,343,0,259,0,11,44289
247,Calaveras,County,0,316,1,19,169,12027,0,343,0,259,0,11,44289
248,Calaveras,County,0,316,0,19,198,12225,0,343,2,261,0,11,44289
249,Calaveras,County,0,316,0,19,151,12376,0,343,1,262,0,11,44289
250,Calaveras,County,2,318,0,19,105,12481,0,343,0,262,0,11,44289
251,Calaveras,County,1,319,0,19,98,12579,1,344,0,262,0,11,44289
252,Calaveras,County,2,321,0,19,58,12637,1,345,0,262,1,12,44289
253,Calaveras,County,1,322,0,19,29,12666,1,346,0,262,0,12,44289
254,Calaveras,County,2,324,1,20,138,12804,2,348,0,262,0,12,44289
255,Calaveras,County,0,324,0,20,136,12940,1,349,0,262,0,12,44289
256,Calaveras,County,4,328,0,20,99,13039,3,352,4,266,0,12,44289
257,Calaveras,County,0,328,0,20,130,13169,4,356,1,267,1,13,44289
258,Calaveras,County,1,329,0,20,105,13274,2,358,0,267,0,13,44289
259,Calaveras,County,0,329,0,20,28,13302,0,358,0,267,0,13,44289
260,Calaveras,County,0,329,0,20,42,13344,0,358,0,267,0,13,44289
261,Calaveras,County,1,330,0,20,209,13553,1,359,1,268,0,13,44289
262,Calaveras,County,1,331,1,21,219,13772,0,359,5,273,0,13,44289
263,Calaveras,County,1,332,0,21,126,13898,1,360,-1,272,0,13,44289
264,Calaveras,County,1,333,0,21,116,14014,3,363,1,273,0,13,44289
265,Calaveras,County,3,336,0,21,108,14122,6,369,0,273,0,13,44289
266,Calaveras,County,1,337,0,21,59,14181,1,370,1,274,0,13,44289
267,Calaveras,County,2,339,0,21,24,14205,0,370,0,274,0,13,44289
268,Calaveras,County,1,340,0,21,160,14365,1,371,0,274,0,13,44289
269,Calaveras,County,4,344,1,22,133,14498,1,372,3,277,0,13,44289
270,Calaveras,County,2,346,0,22,156,14654,3,375,1,278,0,13,44289
271,Calaveras,County,1,347,0,22,126,14780,1,376,0,278,0,13,44289
272,Calaveras,County,2,349,0,22,96,14876,4,380,1,279,5,18,44289
273,Calaveras,County,1,350,0,22,59,14935,2,382,1,280,0,18,44289
274,Calaveras,County,0,350,0,22,80,15015,0,382,2,282,0,18,44289
275,Calaveras,County,1,351,0,22,151,15166,2,384,0,282,0,18,44289
276,Calaveras,County,0,351,0,22,186,15352,2,386,5,287,1,19,44289
277,Calaveras,County,4,355,0,22,132,15484,4,390,3,290,0,19,44289
278,Calaveras,County,3,358,0,22,118,15602,3,393,43,333,0,19,44289
279,Calaveras,County,7,365,0,22,119,15721,9,402,26,359,2,21,44289
280,Calaveras,County,1,366,0,22,68,15789,1,403,1,360,0,21,44289
281,Calaveras,County,2,368,0,22,93,15882,1,404,0,360,0,21,44289
282,Calaveras,County,2,370,0,22,130,16012,2,406,0,360,0,21,44289
283,Calaveras,County,4,374,0,22,161,16173,3,409,7,367,0,21,44289
284,Calaveras,County,5,379,0,22,152,16325,6,415,6,373,0,21,44289
285,Calaveras,County,10,389,0,22,162,16487,11,426,0,373,0,21,44289
286,Calaveras,County,5,394,0,22,126,16613,6,432,5,378,0,21,44289
287,Calaveras,County,4,398,0,22,61,16674,4,436,8,386,0,21,44289
288,Calaveras,County,1,399,0,22,110,16784,1,437,0,386,0,21,44289
289,Calaveras,County,13,412,0,22,196,16980,10,447,16,402,0,21,44289
290,Calaveras,County,7,419,0,22,202,17182,8,455,3,405,0,21,44289
291,Calaveras,County,15,434,0,22,176,17358,17,472,4,409,0,21,44289
292,Calaveras,County,6,440,0,22,163,17521,6,478,8,417,0,21,44289
293,Calaveras,County,10,450,0,22,148,17669,9,487,7,424,0,21,44289
294,Calaveras,County,12,462,0,22,98,17767,12,499,10,434,0,21,44289
295,Calaveras,County,6,468,0,22,122,17889,6,505,0,434,0,21,44289
296,Calaveras,County,12,480,0,22,206,18095,12,517,0,434,0,21,44289
297,Calaveras,County,17,497,0,22,187,18282,19,536,32,466,0,21,44289
298,Calaveras,County,7,504,0,22,156,18438,7,543,9,475,0,21,44289
299,Calaveras,County,3,507,0,22,17,18455,3,546,3,478,0,21,44289
300,Calaveras,County,28,535,0,22,139,18594,26,572,0,478,0,21,44289
301,Calaveras,County,9,544,0,22,93,18687,10,582,0,478,0,21,44289
302,Calaveras,County,4,548,0,22,109,18796,6,588,0,478,0,21,44289
303,Calaveras,County,32,580,0,22,291,19087,34,622,0,478,0,21,44289
304,Calaveras,County,22,602,0,22,237,19324,25,647,66,544,0,21,44289
305,Calaveras,County,18,620,0,22,232,19556,18,665,9,553,0,21,44289
306,Calaveras,County,16,636,0,22,236,19792,21,686,19,572,0,21,44289
307,Calaveras,County,19,655,1,23,171,19963,19,705,13,585,0,21,44289
308,Calaveras,County,5,660,1,24,97,20060,5,710,21,606,0,21,44289
309,Calaveras,County,11,671,0,24,153,20213,14,724,0,606,0,21,44289
310,Calaveras,County,19,690,0,24,219,20432,20,744,0,606,0,21,44289
311,Calaveras,County,32,722,0,24,256,20688,32,776,51,657,0,21,44289
312,Calaveras,County,25,747,0,24,234,20922,29,805,13,670,0,21,44289
313,Calaveras,County,27,774,0,24,224,21146,35,840,14,684,0,21,44289
314,Calaveras,County,19,793,0,24,162,21308,20,860,13,697,0,21,44289
315,Calaveras,County,16,809,0,24,91,21399,17,877,11,708,0,21,44289
316,Calaveras,County,10,819,1,25,146,21545,14,891,2,710,0,21,44289
317,Calaveras,County,36,855,0,25,283,21828,39,930,8,718,0,21,44289
318,Calaveras,County,38,893,1,26,285,22113,42,972,81,799,0,21,44289
319,Calaveras,County,32,925,1,27,224,22337,35,1007,22,821,0,21,44289
320,Calaveras,County,35,960,0,27,269,22606,40,1047,27,848,0,21,44289
321,Calaveras,County,23,983,0,27,187,22793,26,1073,22,870,0,21,44289
322,Calaveras,County,10,993,0,27,77,22870,11,1084,30,900,0,21,44289
323,Calaveras,County,17,1010,0,27,173,23043,20,1104,26,926,0,21,44289
324,Calaveras,County,24,1034,0,27,237,23280,27,1131,37,963,0,21,44289
325,Calaveras,County,30,1064,0,27,274,23554,35,1166,25,988,0,21,44289
326,Calaveras,County,27,1091,0,27,295,23849,31,1197,14,1002,0,21,44289
327,Calaveras,County,8,1099,0,27,54,23903,8,1205,30,1032,0,21,44289
328,Calaveras,County,3,1102,1,28,20,23923,5,1210,30,1062,0,21,44289
329,Calaveras,County,3,1105,0,28,77,24000,4,1214,22,1084,0,21,44289
330,Calaveras,County,6,1111,0,28,91,24091,8,1222,13,1097,0,21,44289
331,Calaveras,County,46,1157,0,28,271,24362,48,1270,5,1102,0,21,44289
332,Calaveras,County,22,1179,0,28,156,24518,29,1299,9,1111,0,21,44289
333,Calaveras,County,45,1224,0,28,258,24776,52,1351,24,1135,0,21,44289
334,Calaveras,County,25,1249,0,28,131,24907,23,1374,26,1161,0,21,44289
335,Calaveras,County,12,1261,1,29,44,24951,10,1384,25,1186,0,21,44289
336,Calaveras,County,15,1276,0,29,109,25060,17,1401,44,1230,0,21,44289
337,Calaveras,County,19,1295,2,31,131,25191,24,1425,19,1249,0,21,44289
338,Calaveras,County,36,1331,1,32,331,25522,36,1461,27,1276,0,21,44289
339,Calaveras,County,41,1372,0,32,245,25767,45,1506,16,1292,0,21,44289
340,Calaveras,County,49,1421,0,32,378,26145,55,1561,29,1321,0,21,44289
341,Calaveras,County,25,1446,1,33,267,26412,26,1587,21,1342,0,21,44289
342,Calaveras,County,17,1463,1,34,171,26583,17,1604,43,1385,0,21,44289
343,Calaveras,County,13,1476,0,34,101,26684,13,1617,40,1425,0,21,44289
344,Calaveras,County,10,1486,0,34,125,26809,18,1635,24,1449,0,21,44289
345,Calaveras,County,25,1511,1,35,264,27073,30,1665,11,1460,0,21,44289
346,Calaveras,County,19,1530,0,35,192,27265,20,1685,15,1475,0,21,44289
347,Calaveras,County,37,1567,1,36,303,27568,46,1731,18,1493,0,21,44289
348,Calaveras,County,22,1589,1,37,183,27751,25,1756,20,1513,0,21,44289
349,Calaveras,County,17,1606,0,37,183,27934,13,1769,25,1538,0,21,44289
350,Calaveras,County,7,1613,1,38,94,28028,6,1775,58,1596,0,21,44289
351,Calaveras,County,14,1627,2,40,44,28072,5,1780,12,1608,0,21,44289
352,Calaveras,County,13,1640,0,40,196,28268,18,1798,9,1617,0,21,44289
353,Calaveras,County,22,1662,0,40,318,28586,30,1828,4,1621,0,21,44289
354,Calaveras,County,17,1679,0,40,230,28816,28,1856,16,1637,0,21,44289
355,Calaveras,County,20,1699,0,40,219,29035,23,1879,10,1647,0,21,44289
356,Calaveras,County,9,1708,0,40,114,29149,6,1885,25,1672,0,21,44289
357,Calaveras,County,7,1715,0,40,89,29238,10,1895,23,1695,0,21,44289
358,Calaveras,County,2,1717,1,41,90,29328,6,1901,9,1704,0,21,44289
359,Calaveras,County,13,1730,0,41,180,29508,12,1913,9,1713,0,21,44289
360,Calaveras,County,15,1745,0,41,148,29656,15,1928,10,1723,0,21,44289
361,Calaveras,County,9,1754,0,41,158,29814,12,1940,14,1737,0,21,44289
362,Calaveras,County,9,1763,0,41,127,29941,8,1948,10,1747,0,21,44289
363,Calaveras,County,14,1777,1,42,122,30063,15,1963,10,1757,0,21,44289
364,Calaveras,County,7,1784,0,42,64,30127,5,1968,6,1763,0,21,44289
365,Calaveras,County,14,1798,0,42,110,30237,12,1980,15,1778,0,21,44289
366,Calaveras,County,23,1821,0,42,181,30418,12,1992,7,1785,0,21,44289
367,Calaveras,County,8,1829,0,42,207,30625,24,2016,1,1786,0,21,44289
368,Calaveras,County,9,1838,1,43,209,30834,15,2031,13,1799,0,21,44289
369,Calaveras,County,9,1847,2,45,176,31010,16,2047,9,1808,0,21,44289
370,Calaveras,County,1,1848,0,45,117,31127,0,2047,10,1818,0,21,44289
371,Calaveras,County,3,1851,1,46,55,31182,2,2049,14,1832,0,21,44289
372,Calaveras,County,2,1853,0,46,99,31281,1,2050,5,1837,0,21,44289
373,Calaveras,County,6,1859,0,46,164,31445,7,2057,3,1840,0,21,44289
374,Calaveras,County,5,1864,0,46,140,31585,9,2066,7,1847,0,21,44289
375,Calaveras,County,6,1870,0,46,153,31738,8,2074,3,1850,0,21,44289
376,Calaveras,County,2,1872,0,46,118,31856,3,2077,6,1856,0,21,44289
377,Calaveras,County,3,1875,0,46,101,31957,8,2085,4,1860,0,21,44289
378,Calaveras,County,3,1878,0,46,61,32018,4,2089,3,1863,0,21,44289
379,Calaveras,County,4,1882,0,46,34,32052,1,2090,3,1866,0,21,44289
380,Calaveras,County,3,1885,0,46,139,32191,4,2094,5,1871,0,21,44289
381,Calaveras,County,3,1888,1,47,195,32386,11,2105,1,1872,0,21,44289
382,Calaveras,County,2,1890,1,48,116,32502,4,2109,4,1876,0,21,44289
383,Calaveras,County,0,1890,0,48,123,32625,1,2110,-3,1873,0,21,44289
384,Calaveras,County,5,1895,0,48,107,32732,6,2116,-17,1856,0,21,44289
385,Calaveras,County,1,1896,0,48,49,32781,0,2116,2,1858,0,21,44289
386,Calaveras,County,1,1897,0,48,87,32868,0,2116,2,1860,0,21,44289
387,Calaveras,County,1,1898,0,48,147,33015,0,2116,2,1862,0,21,44289
388,Calaveras,County,3,1901,0,48,180,33195,2,2118,1,1863,0,21,44289
389,Calaveras,County,1,1902,1,49,110,33305,2,2120,1,1864,10,31,44289
390,Calaveras,County,3,1905,1,50,128,33433,6,2126,4,1868,15,46,44289
391,Calaveras,County,8,1913,0,50,100,33533,7,2133,5,1873,0,46,44289
392,Calaveras,County,1,1914,0,50,41,33574,1,2134,2,1875,0,46,44289
393,Calaveras,County,2,1916,0,50,99,33673,2,2136,6,1881,0,46,44289
394,Calaveras,County,6,1922,0,50,158,33831,9,2145,4,1885,0,46,44289
395,Calaveras,County,6,1928,0,50,156,33987,9,2154,5,1890,2,48,44289
396,Calaveras,County,7,1935,0,50,149,34136,3,2157,3,1893,0,48,44289
397,Calaveras,County,3,1938,0,50,95,34231,4,2161,3,1896,0,48,44289
398,Calaveras,County,1,1939,0,50,73,34304,3,2164,6,1902,0,48,44289
399,Calaveras,County,4,1943,0,50,60,34364,2,2166,2,1904,0,48,44289
400,Calaveras,County,4,1947,0,50,85,34449,1,2167,2,1906,0,48,44289
401,Calaveras,County,1,1948,0,50,198,34647,2,2169,3,1909,0,48,44289
402,Calaveras,County,1,1949,0,50,129,34776,2,2171,4,1913,0,48,44289
403,Calaveras,County,2,1951,0,50,104,34880,1,2172,0,1913,0,48,44289
404,Calaveras,County,4,1955,0,50,118,34998,6,2178,2,1915,1,49,44289
405,Calaveras,County,3,1958,0,50,119,35117,3,2181,1,1916,0,49,44289
406,Calaveras,County,2,1960,0,50,35,35152,0,2181,23,1939,0,49,44289
407,Calaveras,County,4,1964,0,50,43,35195,3,2184,0,1939,0,49,44289
408,Calaveras,County,4,1968,0,50,158,35353,4,2188,2,1941,0,49,44289
409,Calaveras,County,4,1972,0,50,163,35516,5,2193,4,1945,0,49,44289
410,Calaveras,County,5,1977,0,50,158,35674,3,2196,1,1946,0,49,44289
411,Calaveras,County,1,1978,0,50,132,35806,5,2201,8,1954,0,49,44289
412,Calaveras,County,2,1980,0,50,86,35892,2,2203,3,1957,0,49,44289
413,Calaveras,County,1,1981,0,50,35,35927,0,2203,4,1961,0,49,44289
414,Calaveras,County,4,1985,0,50,45,35972,7,2210,1,1962,0,49,44289
415,Calaveras,County,3,1988,0,50,198,36170,7,2217,1,1963,0,49,44289
416,Calaveras,County,3,1991,0,50,186,36356,6,2223,8,1971,1,50,44289
417,Calaveras,County,0,1991,0,50,114,36470,0,2223,4,1975,0,50,44289
418,Calaveras,County,4,1995,0,50,137,36607,4,2227,7,1982,0,50,44289
419,Calaveras,County,5,2000,0,50,109,36716,6,2233,7,1989,0,50,44289
420,Calaveras,County,1,2001,0,50,24,36740,2,2235,3,1992,0,50,44289
421,Calaveras,County,0,2001,0,50,27,36767,0,2235,3,1995,0,50,44289
422,Calaveras,County,3,2004,0,50,196,36963,4,2239,3,1998,0,50,44289
423,Calaveras,County,4,2008,0,50,117,37080,4,2243,-1,1997,0,50,44289
424,Calaveras,County,4,2012,0,50,81,37161,4,2247,8,2005,0,50,44289
425,Calaveras,County,4,2016,0,50,151,37312,4,2251,1,2006,0,50,44289
243,Colusa,County,1,535,0,6,32,5433,2,535,2,536,0,6,22593
244,Colusa,County,0,535,0,6,36,5469,0,535,1,537,0,6,22593
245,Colusa,County,1,536,0,6,13,5482,0,535,0,537,0,6,22593
246,Colusa,County,1,537,0,6,8,5490,0,535,0,537,0,6,22593
247,Colusa,County,1,538,0,6,25,5515,2,537,0,537,0,6,22593
248,Colusa,County,0,538,0,6,33,5548,0,537,1,538,0,6,22593
249,Colusa,County,1,539,0,6,71,5619,0,537,1,539,0,6,22593
250,Colusa,County,1,540,0,6,23,5642,2,539,0,539,0,6,22593
251,Colusa,County,0,540,0,6,48,5690,2,541,2,541,0,6,22593
252,Colusa,County,0,540,0,6,13,5703,1,542,0,541,0,6,22593
253,Colusa,County,0,540,0,6,5,5708,0,542,0,541,0,6,22593
254,Colusa,County,2,542,0,6,24,5732,0,542,0,541,0,6,22593
255,Colusa,County,0,542,0,6,28,5760,0,542,0,541,0,6,22593
256,Colusa,County,0,542,0,6,81,5841,0,542,2,543,0,6,22593
257,Colusa,County,0,542,0,6,19,5860,1,543,0,543,0,6,22593
258,Colusa,County,1,543,0,6,33,5893,2,545,1,544,0,6,22593
259,Colusa,County,1,544,0,6,12,5905,1,546,0,544,0,6,22593
260,Colusa,County,1,545,0,6,13,5918,0,546,0,544,0,6,22593
261,Colusa,County,2,547,0,6,30,5948,0,546,0,544,0,6,22593
262,Colusa,County,0,547,0,6,32,5980,1,547,2,546,0,6,22593
263,Colusa,County,3,550,0,6,81,6061,1,548,0,546,0,6,22593
264,Colusa,County,0,550,0,6,33,6094,2,550,1,547,0,6,22593
265,Colusa,County,0,550,0,6,24,6118,0,550,0,547,0,6,22593
266,Colusa,County,0,550,0,6,12,6130,0,550,1,548,0,6,22593
267,Colusa,County,5,555,0,6,109,6239,1,551,0,548,0,6,22593
268,Colusa,County,4,559,0,6,25,6264,1,552,0,548,0,6,22593
269,Colusa,County,2,561,0,6,36,6300,2,554,1,549,0,6,22593
270,Colusa,County,5,566,0,6,168,6468,5,559,2,551,0,6,22593
271,Colusa,County,3,569,0,6,33,6501,1,560,1,552,0,6,22593
272,Colusa,County,4,573,0,6,36,6537,6,566,2,554,0,6,22593
273,Colusa,County,2,575,0,6,15,6552,3,569,1,555,0,6,22593
274,Colusa,County,2,577,0,6,13,6565,0,569,12,567,0,6,22593
275,Colusa,County,2,579,0,6,32,6597,2,571,4,571,0,6,22593
276,Colusa,County,5,584,0,6,40,6637,6,577,1,572,0,6,22593
277,Colusa,County,5,589,0,6,157,6794,4,581,-1,571,0,6,22593
278,Colusa,County,2,591,0,6,33,6827,2,583,3,574,0,6,22593
279,Colusa,County,4,595,0,6,39,6866,0,583,6,580,0,6,22593
280,Colusa,County,2,597,0,6,15,6881,3,586,3,583,0,6,22593
281,Colusa,County,0,597,0,6,7,6888,0,586,0,583,0,6,22593
282,Colusa,County,3,600,0,6,28,6916,2,588,0,583,0,6,22593
283,Colusa,County,6,606,0,6,55,6971,6,594,7,590,0,6,22593
284,Colusa,County,7,613,0,6,159,7130,2,596,1,591,0,6,22593
285,Colusa,County,6,619,0,6,33,7163,5,601,0,591,0,6,22593
286,Colusa,County,5,624,0,6,44,7207,5,606,7,598,0,6,22593
287,Colusa,County,8,632,0,6,16,7223,1,607,3,601,0,6,22593
288,Colusa,County,12,644,0,6,21,7244,6,613,0,601,0,6,22593
289,Colusa,County,9,653,0,6,68,7312,11,624,0,601,0,6,22593
290,Colusa,County,9,662,0,6,54,7366,11,635,5,606,0,6,22593
291,Colusa,County,11,673,0,6,177,7543,12,647,5,611,0,6,22593
292,Colusa,County,13,686,0,6,65,7608,12,659,10,621,0,6,22593
293,Colusa,County,18,704,0,6,57,7665,12,671,10,631,0,6,22593
294,Colusa,County,8,712,0,6,16,7681,4,675,11,642,0,6,22593
295,Colusa,County,9,721,0,6,20,7701,3,678,0,642,0,6,22593
296,Colusa,County,18,739,0,6,81,7782,15,693,20,662,0,6,22593
297,Colusa,County,14,753,0,6,92,7874,14,707,20,682,0,6,22593
298,Colusa,County,18,771,0,6,200,8074,23,730,11,693,0,6,22593
299,Colusa,County,17,788,0,6,12,8086,3,733,1,694,0,6,22593
300,Colusa,County,14,802,0,6,22,8108,3,736,0,694,0,6,22593
301,Colusa,County,17,819,1,7,19,8127,3,739,17,711,0,6,22593
302,Colusa,County,9,828,0,7,18,8145,6,745,12,723,0,6,22593
303,Colusa,County,29,857,0,7,115,8260,36,781,14,737,0,6,22593
304,Colusa,County,27,884,0,7,68,8328,16,797,10,747,0,6,22593
305,Colusa,County,17,901,0,7,133,8461,30,827,9,756,0,6,22593
306,Colusa,County,16,917,0,7,103,8564,23,850,18,774,0,6,22593
307,Colusa,County,13,930,1,8,66,8630,7,857,16,790,0,6,22593
308,Colusa,County,14,944,0,8,23,8653,4,861,35,825,0,6,22593
309,Colusa,County,17,961,0,8,33,8686,4,865,-1,824,0,6,22593
310,Colusa,County,17,978,0,8,92,8778,21,886,1,825,0,6,22593
311,Colusa,County,25,1003,0,8,227,9005,28,914,50,875,0,6,22593
312,Colusa,County,17,1020,0,8,98,9103,26,940,21,896,1,7,22593
313,Colusa,County,15,1035,0,8,86,9189,25,965,13,909,0,7,22593
314,Colusa,County,23,1058,0,8,65,9254,22,987,14,923,0,7,22593
315,Colusa,County,10,1068,0,8,26,9280,1,988,22,945,0,7,22593
316,Colusa,County,20,1088,0,8,25,9305,12,1000,0,945,0,7,22593
317,Colusa,County,16,1104,0,8,83,9388,22,1022,4,949,0,7,22593
318,Colusa,County,24,1128,0,8,234,9622,30,1052,77,1026,0,7,22593
319,Colusa,County,13,1141,0,8,96,9718,21,1073,12,1038,0,7,22593
320,Colusa,County,13,1154,0,8,56,9774,12,1085,15,1053,0,7,22593
321,Colusa,County,11,1165,0,8,43,9817,8,1093,15,1068,0,7,22593
322,Colusa,County,9,1174,0,8,20,9837,5,1098,28,1096,0,7,22593
323,Colusa,County,8,1182,0,8,24,9861,3,1101,25,1121,0,7,22593
324,Colusa,County,27,1209,0,8,72,9933,24,1125,14,1135,0,7,22593
325,Colusa,County,27,1236,1,9,238,10171,20,1145,15,1150,0,7,22593
326,Colusa,County,23,1259,0,9,71,10242,19,1164,17,1167,0,7,22593
327,Colusa,County,11,1270,0,9,33,10275,11,1175,21,1188,0,7,22593
328,Colusa,County,5,1275,0,9,7,10282,2,1177,31,1219,0,7,22593
329,Colusa,County,12,1287,0,9,23,10305,8,1185,21,1240,0,7,22593
330,Colusa,County,10,1297,0,9,20,10325,3,1188,13,1253,0,7,22593
331,Colusa,County,25,1322,0,9,83,10408,20,1208,2,1255,0,7,22593
332,Colusa,County,24,1346,0,9,236,10644,26,1234,17,1272,0,7,22593
333,Colusa,County,21,1367,0,9,60,10704,17,1251,17,1289,0,7,22593
334,Colusa,County,16,1383,0,9,60,10764,13,1264,12,1301,0,7,22593
335,Colusa,County,8,1391,0,9,16,10780,5,1269,13,1314,0,7,22593
336,Colusa,County,9,1400,0,9,30,10810,10,1279,18,1332,0,7,22593
337,Colusa,County,10,1410,0,9,20,10830,6,1285,5,1337,0,7,22593
338,Colusa,County,29,1439,0,9,70,10900,23,1308,31,1368,0,7,22593
339,Colusa,County,25,1464,0,9,232,11132,27,1335,8,1376,0,7,22593
340,Colusa,County,25,1489,0,9,91,11223,21,1356,9,1385,0,7,22593
341,Colusa,County,20,1509,0,9,89,11312,20,1376,35,1420,0,7,22593
342,Colusa,County,12,1521,0,9,43,11355,8,1384,28,1448,0,7,22593
343,Colusa,County,13,1534,0,9,19,11374,10,1394,20,1468,0,7,22593
344,Colusa,County,6,1540,0,9,18,11392,5,1399,10,1478,0,7,22593
345,Colusa,County,24,1564,1,10,88,11480,22,1421,16,1494,0,7,22593
346,Colusa,County,18,1582,0,10,85,11565,14,1435,16,1510,0,7,22593
347,Colusa,County,12,1594,0,10,211,11776,14,1449,14,1524,0,7,22593
348,Colusa,County,12,1606,0,10,56,11832,10,1459,11,1535,0,7,22593
349,Colusa,County,15,1621,0,10,49,11881,15,1474,6,1541,0,7,22593
350,Colusa,County,11,1632,0,10,29,11910,7,1481,37,1578,0,7,22593
351,Colusa,County,12,1644,0,10,27,11937,11,1492,10,1588,0,7,22593
352,Colusa,County,13,1657,0,10,50,11987,11,1503,20,1608,0,7,22593
353,Colusa,County,17,1674,0,10,179,12166,10,1513,9,1617,0,7,22593
354,Colusa,County,22,1696,0,10,72,12238,19,1532,13,1630,0,7,22593
355,Colusa,County,16,1712,0,10,72,12310,16,1548,32,1662,0,7,22593
356,Colusa,County,7,1719,0,10,58,12368,9,1557,6,1668,0,7,22593
357,Colusa,County,2,1721,0,10,18,12386,2,1559,4,1672,1,8,22593
358,Colusa,County,4,1725,1,11,14,12400,4,1563,17,1689,0,8,22593
359,Colusa,County,11,1736,0,11,64,12464,12,1575,20,1709,0,8,22593
360,Colusa,County,12,1748,0,11,55,12519,11,1586,10,1719,0,8,22593
361,Colusa,County,7,1755,0,11,173,12692,8,1594,5,1724,0,8,22593
362,Colusa,County,6,1761,1,12,54,12746,7,1601,7,1731,0,8,22593
363,Colusa,County,7,1768,0,12,47,12793,9,1610,3,1734,0,8,22593
364,Colusa,County,4,1772,0,12,14,12807,5,1615,14,1748,1,9,22593
365,Colusa,County,2,1774,1,13,20,12827,3,1618,6,1754,0,9,22593
366,Colusa,County,7,1781,0,13,59,12886,4,1622,9,1763,0,9,22593
367,Colusa,County,5,1786,0,13,43,12929,6,1628,6,1769,0,9,22593
368,Colusa,County,8,1794,1,14,188,13117,7,1635,4,1773,1,10,22593
369,Colusa,County,5,1799,0,14,36,13153,7,1642,4,1777,0,10,22593
370,Colusa,County,4,1803,0,14,60,13213,4,1646,8,1785,0,10,22593
371,Colusa,County,4,1807,0,14,18,13231,4,1650,6,1791,0,10,22593
372,Colusa,County,2,1809,0,14,17,13248,4,1654,4,1795,0,10,22593
373,Colusa,County,11,1820,0,14,52,13300,9,1663,7,1802,0,10,22593
374,Colusa,County,8,1828,0,14,54,13354,8,1671,10,1812,0,10,22593
375,Colusa,County,9,1837,0,14,167,13521,8,1679,3,1815,0,10,22593
376,Colusa,County,7,1844,0,14,46,13567,9,1688,8,1823,0,10,22593
377,Colusa,County,5,1849,0,14,44,13611,7,1695,13,1836,0,10,22593
378,Colusa,County,0,1849,0,14,13,13624,1,1696,1,1837,0,10,22593
379,Colusa,County,0,1849,0,14,10,13634,0,1696,8,1845,0,10,22593
380,Colusa,County,4,1853,0,14,31,13665,3,1699,4,1849,0,10,22593
381,Colusa,County,0,1853,0,14,50,13715,0,1699,3,1852,0,10,22593
382,Colusa,County,3,1856,0,14,197,13912,3,1702,2,1854,0,10,22593
383,Colusa,County,3,1859,0,14,39,13951,4,1706,2,1856,1,11,22593
384,Colusa,County,2,1861,0,14,42,13993,1,1707,2,1858,0,11,22593
385,Colusa,County,0,1861,0,14,16,14009,0,1707,0,1858,0,11,22593
386,Colusa,County,1,1862,0,14,12,14021,1,1708,2,1860,0,11,22593
387,Colusa,County,1,1863,0,14,56,14077,1,1709,0,1860,0,11,22593
388,Colusa,County,0,1863,0,14,47,14124,0,1709,2,1862,0,11,22593
389,Colusa,County,3,1866,0,14,168,14292,2,1711,1,1863,0,11,22593
390,Colusa,County,2,1868,0,14,35,14327,2,1713,0,1863,0,11,22593
391,Colusa,County,3,1871,0,14,28,14355,4,1717,2,1865,0,11,22593
392,Colusa,County,0,1871,0,14,19,14374,1,1718,4,1869,0,11,22593
393,Colusa,County,1,1872,0,14,13,14387,1,1719,2,1871,0,11,22593
394,Colusa,County,0,1872,1,15,48,14435,0,1719,0,1871,0,11,22593
395,Colusa,County,1,1873,0,15,36,14471,1,1720,1,1872,0,11,22593
396,Colusa,County,0,1873,0,15,176,14647,1,1721,1,1873,0,11,22593
397,Colusa,County,1,1874,0,15,28,14675,3,1724,0,1873,0,11,22593
398,Colusa,County,2,1876,0,15,39,14714,3,1727,1,1874,0,11,22593
399,Colusa,County,0,1876,0,15,16,14730,0,1727,0,1874,0,11,22593
400,Colusa,County,2,1878,0,15,13,14743,1,1728,2,1876,0,11,22593
401,Colusa,County,1,1879,0,15,43,14786,1,1729,1,1877,0,11,22593
402,Colusa,County,0,1879,0,15,48,14834,1,1730,3,1880,0,11,22593
403,Colusa,County,0,1879,0,15,174,15008,0,1730,2,1882,1,12,22593
404,Colusa,County,0,1879,0,15,27,15035,0,1730,1,1883,0,12,22593
405,Colusa,County,0,1879,0,15,39,15074,0,1730,0,1883,0,12,22593
406,Colusa,County,0,1879,0,15,15,15089,1,1731,-1,1882,0,12,22593
407,Colusa,County,0,1879,0,15,13,15102,1,1732,1,1883,0,12,22593
408,Colusa,County,0,1879,0,15,61,15163,0,1732,0,1883,0,12,22593
409,Colusa,County,0,1879,0,15,34,15197,0,1732,-1,1882,0,12,22593
410,Colusa,County,1,1880,0,15,171,15368,1,1733,0,1882,0,12,22593
411,Colusa,County,1,1881,0,15,23,15391,1,1734,0,1882,0,12,22593
412,Colusa,County,0,1881,0,15,17,15408,0,1734,1,1883,0,12,22593
413,Colusa,County,1,1882,0,15,9,15417,0,1734,0,1883,0,12,22593
414,Colusa,County,0,1882,0,15,13,15430,0,1734,2,1885,1,13,22593
415,Colusa,County,0,1882,0,15,51,15481,0,1734,0,1885,0,13,22593
416,Colusa,County,1,1883,0,15,38,15519,1,1735,0,1885,1,14,22593
417,Colusa,County,2,1885,0,15,171,15690,4,1739,1,1886,0,14,22593
418,Colusa,County,0,1885,0,15,24,15714,1,1740,2,1888,0,14,22593
419,Colusa,County,0,1885,0,15,27,15741,0,1740,1,1889,0,14,22593
420,Colusa,County,0,1885,0,15,18,15759,0,1740,0,1889,0,14,22593
421,Colusa,County,0,1885,0,15,14,15773,0,1740,0,1889,0,14,22593
422,Colusa,County,1,1886,0,15,39,15812,1,1741,0,1889,0,14,22593
423,Colusa,County,0,1886,0,15,44,15856,0,1741,1,1890,0,14,22593
424,Colusa,County,1,1887,0,15,163,16019,0,1741,0,1890,0,14,22593
425,Colusa,County,0,1887,0,15,24,16043,0,1741,0,1890,0,14,22593
243,Contra Costa,County,69,17556,1,242,3623,380758,73,18991,79,16898,0,211,1160099
244,Contra Costa,County,62,17618,2,244,3692,384450,92,19083,104,17002,2,213,1160099
245,Contra Costa,County,43,17661,0,244,2036,386486,47,19130,85,17087,0,213,1160099
246,Contra Costa,County,50,17711,2,246,1416,387902,35,19165,105,17192,1,214,1160099
247,Contra Costa,County,65,17776,1,247,4889,392791,82,19247,58,17250,2,216,1160099
248,Contra Costa,County,77,17853,0,247,4747,397538,68,19315,45,17295,3,219,1160099
249,Contra Costa,County,79,17932,0,247,4252,401790,78,19393,51,17346,6,225,1160099
250,Contra Costa,County,71,18003,0,247,4346,406136,101,19494,72,17418,3,228,1160099
251,Contra Costa,County,60,18063,2,249,3869,410005,81,19575,69,17487,1,229,1160099
252,Contra Costa,County,50,18113,0,249,1837,411842,47,19622,79,17566,4,233,1160099
253,Contra Costa,County,36,18149,1,250,1348,413190,34,19656,112,17678,0,233,1160099
254,Contra Costa,County,82,18231,0,250,4639,417829,103,19759,50,17728,0,233,1160099
255,Contra Costa,County,75,18306,0,250,4607,422436,97,19856,55,17783,1,234,1160099
256,Contra Costa,County,58,18364,1,251,4345,426781,81,19937,37,17820,2,236,1160099
257,Contra Costa,County,57,18421,0,251,4118,430899,55,19992,73,17893,1,237,1160099
258,Contra Costa,County,67,18488,1,252,4103,435002,62,20054,63,17956,0,237,1160099
259,Contra Costa,County,53,18541,0,252,1924,436926,44,20098,49,18005,0,237,1160099
260,Contra Costa,County,53,18594,1,253,1427,438353,42,20140,115,18120,0,237,1160099
261,Contra Costa,County,99,18693,1,254,4941,443294,98,20238,53,18173,2,239,1160099
262,Contra Costa,County,98,18791,3,257,4909,448203,106,20344,73,18246,2,241,1160099
263,Contra Costa,County,92,18883,0,257,4417,452620,87,20431,53,18299,2,243,1160099
264,Contra Costa,County,74,18957,0,257,4032,456652,66,20497,94,18393,0,243,1160099
265,Contra Costa,County,72,19029,0,257,3948,460600,93,20590,90,18483,1,244,1160099
266,Contra Costa,County,71,19100,0,257,1991,462591,64,20654,84,18567,0,244,1160099
267,Contra Costa,County,67,19167,1,258,1632,464223,47,20701,73,18640,1,245,1160099
268,Contra Costa,County,101,19268,0,258,5066,469289,125,20826,78,18718,0,245,1160099
269,Contra Costa,County,96,19364,0,258,5363,474652,112,20938,48,18766,1,246,1160099
270,Contra Costa,County,105,19469,2,260,4720,479372,104,21042,62,18828,0,246,1160099
271,Contra Costa,County,87,19556,0,260,4612,483984,105,21147,105,18933,3,249,1160099
272,Contra Costa,County,99,19655,0,260,4753,488737,79,21226,141,19074,0,249,1160099
273,Contra Costa,County,72,19727,1,261,2030,490767,59,21285,87,19161,0,249,1160099
274,Contra Costa,County,106,19833,1,262,1874,492641,64,21349,85,19246,1,250,1160099
275,Contra Costa,County,174,20007,0,262,5854,498495,168,21517,93,19339,0,250,1160099
276,Contra Costa,County,154,20161,0,262,5339,503834,165,21682,77,19416,0,250,1160099
277,Contra Costa,County,155,20316,0,262,5079,508913,189,21871,56,19472,1,251,1160099
278,Contra Costa,County,166,20482,0,262,5291,514204,179,22050,184,19656,1,252,1160099
279,Contra Costa,County,182,20664,0,262,4688,518892,193,22243,88,19744,0,252,1160099
280,Contra Costa,County,149,20813,1,263,2474,521366,121,22364,199,19943,2,254,1160099
281,Contra Costa,County,102,20915,3,266,1888,523254,58,22422,88,20031,0,254,1160099
282,Contra Costa,County,171,21086,1,267,6149,529403,203,22625,162,20193,1,255,1160099
283,Contra Costa,County,173,21259,1,268,5892,535295,203,22828,133,20326,0,255,1160099
284,Contra Costa,County,206,21465,0,268,5189,540484,191,23019,126,20452,0,255,1160099
285,Contra Costa,County,219,21684,0,268,6182,546666,243,23262,167,20619,0,255,1160099
286,Contra Costa,County,208,21892,0,268,5775,552441,215,23477,180,20799,1,256,1160099
287,Contra Costa,County,172,22064,0,268,2449,554890,123,23600,176,20975,0,256,1160099
288,Contra Costa,County,139,22203,0,268,2173,557063,88,23688,204,21179,0,256,1160099
289,Contra Costa,County,299,22502,2,270,6551,563614,291,23979,207,21386,0,256,1160099
290,Contra Costa,County,267,22769,1,271,7197,570811,282,24261,171,21557,0,256,1160099
291,Contra Costa,County,273,23042,0,271,7400,578211,315,24576,128,21685,2,258,1160099
292,Contra Costa,County,267,23309,1,272,7350,585561,320,24896,201,21886,1,259,1160099
293,Contra Costa,County,271,23580,0,272,7087,592648,277,25173,230,22116,1,260,1160099
294,Contra Costa,County,186,23766,1,273,3649,596297,155,25328,222,22338,0,260,1160099
295,Contra Costa,County,154,23920,0,273,3019,599316,91,25419,69,22407,0,260,1160099
296,Contra Costa,County,305,24225,2,275,8852,608168,346,25765,267,22674,0,260,1160099
297,Contra Costa,County,271,24496,0,275,6957,615125,305,26070,398,23072,-1,259,1160099
298,Contra Costa,County,353,24849,2,277,6986,622111,394,26464,235,23307,4,263,1160099
299,Contra Costa,County,155,25004,0,277,1413,623524,84,26548,161,23468,1,264,1160099
300,Contra Costa,County,335,25339,2,279,5221,628745,382,26930,-5,23463,0,264,1160099
301,Contra Costa,County,259,25598,2,281,3638,632383,258,27188,335,23798,0,264,1160099
302,Contra Costa,County,333,25931,0,281,2855,635238,261,27449,367,24165,0,264,1160099
303,Contra Costa,County,503,26434,0,281,8214,643452,500,27949,200,24365,0,264,1160099
304,Contra Costa,County,576,27010,1,282,8738,652190,585,28534,423,24788,0,264,1160099
305,Contra Costa,County,573,27583,3,285,8412,660602,640,29174,359,25147,0,264,1160099
306,Contra Costa,County,457,28040,3,288,7659,668261,587,29761,317,25464,1,265,1160099
307,Contra Costa,County,498,28538,1,289,7511,675772,667,30428,241,25705,-1,264,1160099
308,Contra Costa,County,341,28879,4,293,3927,679699,345,30773,512,26217,6,270,1160099
309,Contra Costa,County,293,29172,1,294,3233,682932,311,31084,349,26566,0,270,1160099
310,Contra Costa,County,606,29778,0,294,8540,691472,672,31756,741,27307,0,270,1160099
311,Contra Costa,County,613,30391,3,297,8866,700338,687,32443,619,27926,0,270,1160099
312,Contra Costa,County,701,31092,6,303,8606,708944,748,33191,382,28308,3,273,1160099
313,Contra Costa,County,704,31796,7,310,8306,717250,701,33892,105,28413,3,276,1160099
314,Contra Costa,County,682,32478,1,311,7723,724973,751,34643,623,29036,6,282,1160099
315,Contra Costa,County,429,32907,2,313,3878,728851,442,35085,470,29506,-1,281,1160099
316,Contra Costa,County,343,33250,1,314,3243,732094,288,35373,161,29667,0,281,1160099
317,Contra Costa,County,728,33978,4,318,9114,741208,795,36168,927,30594,0,281,1160099
318,Contra Costa,County,698,34676,3,321,9498,750706,796,36964,829,31423,0,281,1160099
319,Contra Costa,County,653,35329,8,329,8727,759433,708,37672,1006,32429,12,293,1160099
320,Contra Costa,County,557,35886,6,335,8927,768360,660,38332,577,33006,0,293,1160099
321,Contra Costa,County,521,36407,4,339,7864,776224,616,38948,604,33610,7,300,1160099
322,Contra Costa,County,281,36688,2,341,3704,779928,311,39259,711,34321,1,301,1160099
323,Contra Costa,County,310,36998,12,353,3670,783598,308,39567,477,34798,0,301,1160099
324,Contra Costa,County,586,37584,8,361,9962,793560,697,40264,409,35207,-1,300,1160099
325,Contra Costa,County,747,38331,10,371,9610,803170,825,41089,474,35681,1,301,1160099
326,Contra Costa,County,623,38954,11,382,8447,811617,653,41742,509,36190,10,311,1160099
327,Contra Costa,County,398,39352,15,397,4653,816270,441,42183,433,36623,0,311,1160099
328,Contra Costa,County,244,39596,6,403,1067,817337,169,42352,857,37480,13,324,1160099
329,Contra Costa,County,472,40068,9,412,3624,820961,468,42820,528,38008,0,324,1160099
330,Contra Costa,County,462,40530,5,417,3472,824433,389,43209,420,38428,0,324,1160099
331,Contra Costa,County,921,41451,5,422,9407,833840,951,44160,444,38872,0,324,1160099
332,Contra Costa,County,931,42382,6,428,9219,843059,1047,45207,353,39225,1,325,1160099
333,Contra Costa,County,803,43185,11,439,8733,851792,888,46095,376,39601,12,337,1160099
334,Contra Costa,County,582,43767,6,445,5334,857126,585,46680,911,40512,-1,336,1160099
335,Contra Costa,County,373,44140,10,455,1602,858728,183,46863,900,41412,15,351,1160099
336,Contra Costa,County,474,44614,11,466,3821,862549,415,47278,581,41993,1,352,1160099
337,Contra Costa,County,522,45136,6,472,4265,866814,450,47728,439,42432,0,352,1160099
338,Contra Costa,County,892,46028,11,483,10186,877000,1026,48754,587,43019,1,353,1160099
339,Contra Costa,County,851,46879,6,489,9733,886733,1009,49763,423,43442,0,353,1160099
340,Contra Costa,County,882,47761,7,496,8800,895533,1004,50767,612,44054,5,358,1160099
341,Contra Costa,County,802,48563,8,504,8193,903726,853,51620,702,44756,18,376,1160099
342,Contra Costa,County,777,49340,4,508,7716,911442,857,52477,911,45667,5,381,1160099
343,Contra Costa,County,527,49867,8,516,3919,915361,479,52956,739,46406,12,393,1160099
344,Contra Costa,County,346,50213,9,525,3508,918869,309,53265,703,47109,5,398,1160099
345,Contra Costa,County,787,51000,5,530,10322,929191,954,54219,619,47728,0,398,1160099
346,Contra Costa,County,673,51673,8,538,9545,938736,843,55062,514,48242,1,399,1160099
347,Contra Costa,County,646,52319,10,548,8979,947715,813,55875,635,48877,4,403,1160099
348,Contra Costa,County,576,52895,9,557,9141,956856,771,56646,668,49545,12,415,1160099
349,Contra Costa,County,556,53451,3,560,7602,964458,656,57302,863,50408,13,428,1160099
350,Contra Costa,County,327,53778,4,564,3763,968221,402,57704,955,51363,15,443,1160099
351,Contra Costa,County,259,54037,7,571,3357,971578,260,57964,569,51932,4,447,1160099
352,Contra Costa,County,492,54529,4,575,6920,978498,586,58550,391,52323,1,448,1160099
353,Contra Costa,County,520,55049,11,586,9520,988018,629,59179,407,52730,0,448,1160099
354,Contra Costa,County,496,55545,6,592,7726,995744,553,59732,378,53108,13,461,1160099
355,Contra Costa,County,455,56000,3,595,8640,1004384,563,60295,487,53595,17,478,1160099
356,Contra Costa,County,413,56413,8,603,7017,1011401,482,60777,292,53887,7,485,1160099
357,Contra Costa,County,240,56653,4,607,3197,1014598,239,61016,275,54162,2,487,1160099
358,Contra Costa,County,211,56864,6,613,2647,1017245,207,61223,532,54694,1,488,1160099
359,Contra Costa,County,389,57253,8,621,9201,1026446,468,61691,295,54989,0,488,1160099
360,Contra Costa,County,362,57615,9,630,7819,1034265,449,62140,348,55337,3,491,1160099
361,Contra Costa,County,281,57896,7,637,6286,1040551,342,62482,241,55578,16,507,1160099
362,Contra Costa,County,299,58195,4,641,7396,1047947,386,62868,421,55999,18,525,1160099
363,Contra Costa,County,244,58439,10,651,5748,1053695,326,63194,319,56318,4,529,1160099
364,Contra Costa,County,174,58613,7,658,2701,1056396,200,63394,445,56763,2,531,1160099
365,Contra Costa,County,185,58798,4,662,2589,1058985,157,63551,316,57079,0,531,1160099
366,Contra Costa,County,331,59129,4,666,8871,1067856,404,63955,245,57324,0,531,1160099
367,Contra Costa,County,245,59374,5,671,8155,1076011,315,64270,227,57551,5,536,1160099
368,Contra Costa,County,279,59653,8,679,6756,1082767,352,64622,211,57762,1,537,1160099
369,Contra Costa,County,239,59892,5,684,7492,1090259,298,64920,229,57991,13,550,1160099
370,Contra Costa,County,190,60082,5,689,6115,1096374,272,65192,204,58195,10,560,1160099
371,Contra Costa,County,161,60243,4,693,2883,1099257,145,65337,372,58567,6,566,1160099
372,Contra Costa,County,146,60389,6,699,2592,1101849,149,65486,269,58836,0,566,1160099
373,Contra Costa,County,236,60625,4,703,8701,1110550,302,65788,203,59039,1,567,1160099
374,Contra Costa,County,208,60833,4,707,8031,1118581,253,66041,268,59307,16,583,1160099
375,Contra Costa,County,188,61021,0,707,6093,1124674,245,66286,181,59488,7,590,1160099
376,Contra Costa,County,172,61193,4,711,6518,1131192,257,66543,145,59633,15,605,1160099
377,Contra Costa,County,167,61360,4,715,5236,1136428,230,66773,245,59878,15,620,1160099
378,Contra Costa,County,150,61510,1,716,2702,1139130,157,66930,222,60100,9,629,1160099
379,Contra Costa,County,120,61630,4,720,1979,1141109,131,67061,172,60272,2,631,1160099
380,Contra Costa,County,148,61778,4,724,4936,1146045,164,67225,172,60444,0,631,1160099
381,Contra Costa,County,175,61953,4,728,8851,1154896,235,67460,120,60564,0,631,1160099
382,Contra Costa,County,148,62101,1,729,6733,1161629,221,67681,159,60723,4,635,1160099
383,Contra Costa,County,141,62242,2,731,7076,1168705,193,67874,145,60868,5,640,1160099
384,Contra Costa,County,111,62353,1,732,5230,1173935,168,68042,149,61017,11,651,1160099
385,Contra Costa,County,108,62461,0,732,2590,1176525,117,68159,188,61205,12,663,1160099
386,Contra Costa,County,89,62550,1,733,2551,1179076,108,68267,159,61364,-2,661,1160099
387,Contra Costa,County,165,62715,3,736,7655,1186731,215,68482,114,61478,0,661,1160099
388,Contra Costa,County,135,62850,4,740,7029,1193760,172,68654,135,61613,0,661,1160099
389,Contra Costa,County,134,62984,7,747,7006,1200766,175,68829,163,61776,2,663,1160099
390,Contra Costa,County,108,63092,3,750,6254,1207020,134,68963,134,61910,23,686,1160099
391,Contra Costa,County,102,63194,0,750,4875,1211895,144,69107,204,62114,-1,685,1160099
392,Contra Costa,County,82,63276,2,752,2446,1214341,94,69201,134,62248,8,693,1160099
393,Contra Costa,County,71,63347,4,756,2057,1216398,77,69278,138,62386,1,694,1160099
394,Contra Costa,County,127,63474,3,759,8920,1225318,136,69414,72,62458,0,694,1160099
395,Contra Costa,County,109,63583,0,759,7619,1232937,144,69558,99,62557,0,694,1160099
396,Contra Costa,County,111,63694,3,762,6649,1239586,124,69682,111,62668,14,708,1160099
397,Contra Costa,County,98,63792,1,763,5837,1245423,127,69809,121,62789,0,708,1160099
398,Contra Costa,County,98,63890,0,763,4339,1249762,111,69920,97,62886,3,711,1160099
399,Contra Costa,County,80,63970,2,765,2175,1251937,86,70006,154,63040,8,719,1160099
400,Contra Costa,County,61,64031,0,765,2122,1254059,70,70076,108,63148,0,719,1160099
401,Contra Costa,County,97,64128,2,767,8419,1262478,103,70179,92,63240,0,719,1160099
402,Contra Costa,County,93,64221,2,769,7164,1269642,104,70283,74,63314,4,723,1160099
403,Contra Costa,County,93,64314,0,769,6388,1276030,112,70395,58,63372,2,725,1160099
404,Contra Costa,County,99,64413,4,773,5246,1281276,128,70523,97,63469,3,728,1160099
405,Contra Costa,County,73,64486,0,773,4470,1285746,110,70633,114,63583,0,728,1160099
406,Contra Costa,County,75,64561,0,773,2207,1287953,87,70720,106,63689,3,731,1160099
407,Contra Costa,County,60,64621,1,774,1993,1289946,58,70778,119,63808,0,731,1160099
408,Contra Costa,County,104,64725,1,775,8535,1298481,109,70887,39,63847,1,732,1160099
409,Contra Costa,County,62,64787,2,777,7248,1305729,88,70975,104,63951,4,736,1160099
410,Contra Costa,County,81,64868,1,778,6430,1312159,96,71071,75,64026,1,737,1160099
411,Contra Costa,County,70,64938,0,778,5177,1317336,71,71142,77,64103,2,739,1160099
412,Contra Costa,County,73,65011,0,778,4297,1321633,114,71256,92,64195,-2,737,1160099
413,Contra Costa,County,59,65070,1,779,2025,1323658,52,71308,118,64313,-24,713,1160099
414,Contra Costa,County,60,65130,1,780,1911,1325569,56,71364,69,64382,27,740,1160099
415,Contra Costa,County,82,65212,0,780,8834,1334403,96,71460,50,64432,0,740,1160099
416,Contra Costa,County,95,65307,0,780,6777,1341180,99,71559,59,64491,10,750,1160099
417,Contra Costa,County,99,65406,0,780,6589,1347769,115,71674,48,64539,5,755,1160099
418,Contra Costa,County,80,65486,0,780,5346,1353115,112,71786,67,64606,2,757,1160099
419,Contra Costa,County,67,65553,0,780,4334,1357449,93,71879,93,64699,4,761,1160099
420,Contra Costa,County,60,65613,1,781,2381,1359830,71,71950,105,64804,6,767,1160099
421,Contra Costa,County,69,65682,0,781,2092,1361922,64,72014,74,64878,0,767,1160099
422,Contra Costa,County,74,65756,1,782,8044,1369966,92,72106,93,64971,0,767,1160099
423,Contra Costa,County,68,65824,0,782,6754,1376720,73,72179,70,65041,0,767,1160099
424,Contra Costa,County,88,65912,2,784,5477,1382197,90,72269,68,65109,2,769,1160099
425,Contra Costa,County,85,65997,0,784,4943,1387140,84,72353,67,65176,2,771,1160099
243,Del Norte,County,1,147,0,1,213,14449,0,160,0,140,0,2,27558
244,Del Norte,County,5,152,0,1,159,14608,2,162,1,141,0,2,27558
245,Del Norte,County,1,153,0,1,23,14631,0,162,1,142,0,2,27558
246,Del Norte,County,4,157,0,1,23,14654,4,166,0,142,0,2,27558
247,Del Norte,County,4,161,0,1,81,14735,5,171,0,142,0,2,27558
248,Del Norte,County,3,164,0,1,93,14828,6,177,2,144,0,2,27558
249,Del Norte,County,0,164,0,1,70,14898,0,177,5,149,0,2,27558
250,Del Norte,County,1,165,0,1,67,14965,1,178,2,151,0,2,27558
251,Del Norte,County,0,165,0,1,101,15066,0,178,10,161,0,2,27558
252,Del Norte,County,1,166,0,1,40,15106,0,178,0,161,0,2,27558
253,Del Norte,County,0,166,0,1,170,15276,0,178,0,161,0,2,27558
254,Del Norte,County,2,168,0,1,402,15678,3,181,0,161,0,2,27558
255,Del Norte,County,0,168,0,1,278,15956,0,181,2,163,0,2,27558
256,Del Norte,County,0,168,0,1,70,16026,0,181,0,163,0,2,27558
257,Del Norte,County,1,169,0,1,67,16093,2,183,1,164,0,2,27558
258,Del Norte,County,0,169,0,1,86,16179,0,183,2,166,0,2,27558
259,Del Norte,County,0,169,0,1,34,16213,0,183,1,167,0,2,27558
260,Del Norte,County,0,169,0,1,19,16232,0,183,0,167,0,2,27558
261,Del Norte,County,0,169,0,1,110,16342,1,184,0,167,0,2,27558
262,Del Norte,County,3,172,0,1,77,16419,2,186,2,169,0,2,27558
263,Del Norte,County,1,173,0,1,125,16544,1,187,0,169,0,2,27558
264,Del Norte,County,0,173,0,1,138,16682,0,187,-1,168,0,2,27558
265,Del Norte,County,1,174,0,1,147,16829,2,189,3,171,0,2,27558
266,Del Norte,County,0,174,0,1,23,16852,0,189,0,171,0,2,27558
267,Del Norte,County,1,175,0,1,29,16881,0,189,0,171,0,2,27558
268,Del Norte,County,4,179,0,1,123,17004,1,190,0,171,0,2,27558
269,Del Norte,County,0,179,0,1,67,17071,0,190,2,173,0,2,27558
270,Del Norte,County,3,182,0,1,464,17535,3,193,0,173,0,2,27558
271,Del Norte,County,3,185,0,1,312,17847,5,198,1,174,0,2,27558
272,Del Norte,County,2,187,0,1,214,18061,4,202,1,175,0,2,27558
273,Del Norte,County,1,188,0,1,22,18083,1,203,0,175,0,2,27558
274,Del Norte,County,1,189,0,1,42,18125,2,205,0,175,0,2,27558
275,Del Norte,County,4,193,0,1,100,18225,2,207,0,175,0,2,27558
276,Del Norte,County,3,196,0,1,86,18311,3,210,12,187,0,2,27558
277,Del Norte,County,1,197,0,1,203,18514,0,210,1,188,0,2,27558
278,Del Norte,County,4,201,0,1,134,18648,2,212,4,192,0,2,27558
279,Del Norte,County,2,203,0,1,207,18855,3,215,2,194,0,2,27558
280,Del Norte,County,3,206,0,1,211,19066,4,219,0,194,0,2,27558
281,Del Norte,County,4,210,0,1,345,19411,4,223,1,195,0,2,27558
282,Del Norte,County,8,218,0,1,365,19776,4,227,0,195,0,2,27558
283,Del Norte,County,6,224,0,1,104,19880,5,232,1,196,0,2,27558
284,Del Norte,County,6,230,0,1,441,20321,9,241,7,203,0,2,27558
285,Del Norte,County,7,237,0,1,123,20444,1,242,0,203,0,2,27558
286,Del Norte,County,7,244,0,1,234,20678,11,253,5,208,0,2,27558
287,Del Norte,County,2,246,0,1,87,20765,1,254,11,219,0,2,27558
288,Del Norte,County,6,252,0,1,351,21116,11,265,5,224,0,2,27558
289,Del Norte,County,16,268,0,1,460,21576,16,281,1,225,0,2,27558
290,Del Norte,County,7,275,0,1,342,21918,9,290,8,233,0,2,27558
291,Del Norte,County,5,280,0,1,223,22141,7,297,7,240,0,2,27558
292,Del Norte,County,14,294,0,1,258,22399,16,313,11,251,0,2,27558
293,Del Norte,County,8,302,0,1,397,22796,7,320,13,264,0,2,27558
294,Del Norte,County,4,306,0,1,81,22877,6,326,7,271,0,2,27558
295,Del Norte,County,5,311,0,1,521,23398,6,332,0,271,0,2,27558
296,Del Norte,County,24,335,0,1,475,23873,23,355,25,296,0,2,27558
297,Del Norte,County,22,357,0,1,510,24383,21,376,2,298,0,2,27558
298,Del Norte,County,10,367,0,1,134,24517,9,385,6,304,0,2,27558
299,Del Norte,County,1,368,0,1,383,24900,1,386,3,307,0,2,27558
300,Del Norte,County,11,379,0,1,152,25052,14,400,0,307,0,2,27558
301,Del Norte,County,6,385,0,1,64,25116,8,408,21,328,0,2,27558
302,Del Norte,County,10,395,0,1,481,25597,9,417,11,339,0,2,27558
303,Del Norte,County,6,401,0,1,579,26176,13,430,0,339,0,2,27558
304,Del Norte,County,23,424,0,1,625,26801,23,453,18,357,0,2,27558
305,Del Norte,County,28,452,0,1,884,27685,28,481,27,384,0,2,27558
306,Del Norte,County,14,466,0,1,443,28128,17,498,4,388,0,2,27558
307,Del Norte,County,4,470,0,1,111,28239,3,501,13,401,0,2,27558
308,Del Norte,County,11,481,0,1,56,28295,9,510,7,408,0,2,27558
309,Del Norte,County,6,487,0,1,298,28593,6,516,6,414,0,2,27558
310,Del Norte,County,37,524,0,1,849,29442,46,562,10,424,0,2,27558
311,Del Norte,County,12,536,0,1,1004,30446,12,574,41,465,0,2,27558
312,Del Norte,County,15,551,0,1,349,30795,15,589,16,481,0,2,27558
313,Del Norte,County,14,565,0,1,491,31286,17,606,20,501,-1,1,27558
314,Del Norte,County,9,574,0,1,480,31766,9,615,4,505,0,1,27558
315,Del Norte,County,6,580,0,1,50,31816,6,621,24,529,0,1,27558
316,Del Norte,County,8,588,1,2,319,32135,11,632,13,542,0,1,27558
317,Del Norte,County,53,641,0,2,763,32898,55,687,18,560,0,1,27558
318,Del Norte,County,6,647,0,2,298,33196,7,694,4,564,0,1,27558
319,Del Norte,County,11,658,0,2,849,34045,9,703,11,575,0,1,27558
320,Del Norte,County,2,660,0,2,894,34939,3,706,8,583,0,1,27558
321,Del Norte,County,5,665,0,2,93,35032,5,711,44,627,1,2,27558
322,Del Norte,County,5,670,0,2,65,35097,5,716,14,641,0,2,27558
323,Del Norte,County,2,672,0,2,344,35441,2,718,11,652,0,2,27558
324,Del Norte,County,22,694,0,2,652,36093,27,745,8,660,0,2,27558
325,Del Norte,County,11,705,0,2,966,37059,10,755,6,666,0,2,27558
326,Del Norte,County,6,711,0,2,706,37765,6,761,4,670,0,2,27558
327,Del Norte,County,7,718,0,2,200,37965,7,768,8,678,0,2,27558
328,Del Norte,County,0,718,0,2,46,38011,0,768,14,692,0,2,27558
329,Del Norte,County,3,721,0,2,39,38050,2,770,17,709,0,2,27558
330,Del Norte,County,6,727,0,2,246,38296,10,780,3,712,0,2,27558
331,Del Norte,County,23,750,0,2,644,38940,24,804,6,718,0,2,27558
332,Del Norte,County,10,760,0,2,569,39509,11,815,6,724,0,2,27558
333,Del Norte,County,7,767,0,2,579,40088,5,820,2,726,0,2,27558
334,Del Norte,County,5,772,0,2,807,40895,6,826,22,748,0,2,27558
335,Del Norte,County,1,773,0,2,62,40957,0,826,10,758,0,2,27558
336,Del Norte,County,6,779,0,2,80,41037,6,832,6,764,0,2,27558
337,Del Norte,County,2,781,0,2,285,41322,5,837,4,768,0,2,27558
338,Del Norte,County,12,793,0,2,678,42000,11,848,2,770,0,2,27558
339,Del Norte,County,9,802,0,2,925,42925,8,856,0,770,0,2,27558
340,Del Norte,County,7,809,0,2,153,43078,6,862,10,780,0,2,27558
341,Del Norte,County,6,815,0,2,739,43817,10,872,11,791,0,2,27558
342,Del Norte,County,2,817,0,2,69,43886,3,875,4,795,0,2,27558
343,Del Norte,County,2,819,0,2,43,43929,4,879,7,802,0,2,27558
344,Del Norte,County,2,821,0,2,318,44247,2,881,7,809,0,2,27558
345,Del Norte,County,3,824,0,2,594,44841,5,886,1,810,0,2,27558
346,Del Norte,County,4,828,0,2,878,45719,3,889,6,816,0,2,27558
347,Del Norte,County,4,832,0,2,248,45967,4,893,4,820,0,2,27558
348,Del Norte,County,4,836,0,2,768,46735,5,898,1,821,0,2,27558
349,Del Norte,County,6,842,0,2,61,46796,4,902,7,828,0,2,27558
350,Del Norte,County,4,846,0,2,44,46840,5,907,5,833,0,2,27558
351,Del Norte,County,5,851,0,2,43,46883,6,913,5,838,0,2,27558
352,Del Norte,County,0,851,0,2,432,47315,1,914,2,840,0,2,27558
353,Del Norte,County,1,852,0,2,575,47890,4,918,3,843,0,2,27558
354,Del Norte,County,1,853,1,3,501,48391,2,920,5,848,0,2,27558
355,Del Norte,County,1,854,0,3,128,48519,0,920,2,850,0,2,27558
356,Del Norte,County,2,856,0,3,1168,49687,1,921,2,852,0,2,27558
357,Del Norte,County,1,857,0,3,29,49716,4,925,3,855,0,2,27558
358,Del Norte,County,1,858,0,3,315,50031,0,925,0,855,0,2,27558
359,Del Norte,County,5,863,0,3,606,50637,3,928,0,855,0,2,27558
360,Del Norte,County,1,864,0,3,908,51545,3,931,1,856,0,2,27558
361,Del Norte,County,1,865,0,3,372,51917,0,931,3,859,0,2,27558
362,Del Norte,County,1,866,0,3,551,52468,2,933,3,862,0,2,27558
363,Del Norte,County,1,867,0,3,53,52521,2,935,3,865,0,2,27558
364,Del Norte,County,1,868,0,3,48,52569,0,935,0,865,0,2,27558
365,Del Norte,County,1,869,0,3,278,52847,1,936,0,865,0,2,27558
366,Del Norte,County,2,871,0,3,602,53449,5,941,0,865,0,2,27558
367,Del Norte,County,3,874,0,3,936,54385,3,944,3,868,0,2,27558
368,Del Norte,County,6,880,0,3,267,54652,4,948,1,869,0,2,27558
369,Del Norte,County,5,885,0,3,652,55304,5,953,1,870,0,2,27558
370,Del Norte,County,6,891,0,3,69,55373,2,955,4,874,0,2,27558
371,Del Norte,County,1,892,0,3,38,55411,1,956,5,879,0,2,27558
372,Del Norte,County,4,896,0,3,286,55697,3,959,2,881,0,2,27558
373,Del Norte,County,4,900,0,3,561,56258,5,964,4,885,0,2,27558
374,Del Norte,County,3,903,0,3,952,57210,4,968,1,886,0,2,27558
375,Del Norte,County,6,909,1,4,94,57304,4,972,2,888,0,2,27558
376,Del Norte,County,6,915,0,4,610,57914,6,978,6,894,0,2,27558
377,Del Norte,County,5,920,0,4,184,58098,6,984,7,901,0,2,27558
378,Del Norte,County,10,930,0,4,37,58135,11,995,7,908,0,2,27558
379,Del Norte,County,2,932,0,4,37,58172,4,999,3,911,0,2,27558
380,Del Norte,County,4,936,0,4,700,58872,5,1004,2,913,0,2,27558
381,Del Norte,County,4,940,0,4,622,59494,2,1006,0,913,0,2,27558
382,Del Norte,County,8,948,1,5,501,59995,10,1016,7,920,0,2,27558
383,Del Norte,County,6,954,0,5,741,60736,4,1020,9,929,0,2,27558
384,Del Norte,County,5,959,0,5,103,60839,2,1022,3,932,0,2,27558
385,Del Norte,County,5,964,0,5,29,60868,5,1027,5,937,1,3,27558
386,Del Norte,County,4,968,0,5,260,61128,5,1032,5,942,0,3,27558
387,Del Norte,County,6,974,0,5,639,61767,4,1036,6,948,0,3,27558
388,Del Norte,County,1,975,0,5,908,62675,6,1042,5,953,0,3,27558
389,Del Norte,County,2,977,0,5,176,62851,5,1047,7,960,2,5,27558
390,Del Norte,County,1,978,0,5,766,63617,3,1050,6,966,0,5,27558
391,Del Norte,County,10,988,0,5,62,63679,7,1057,2,968,0,5,27558
392,Del Norte,County,4,992,0,5,43,63722,3,1060,10,978,0,5,27558
393,Del Norte,County,2,994,0,5,234,63956,2,1062,3,981,0,5,27558
394,Del Norte,County,2,996,0,5,623,64579,3,1065,1,982,0,5,27558
395,Del Norte,County,5,1001,0,5,901,65480,8,1073,1,983,0,5,27558
396,Del Norte,County,7,1008,0,5,203,65683,8,1081,5,988,0,5,27558
397,Del Norte,County,3,1011,0,5,832,66515,10,1091,1,989,0,5,27558
398,Del Norte,County,8,1019,0,5,83,66598,7,1098,6,995,0,5,27558
399,Del Norte,County,4,1023,0,5,45,66643,1,1099,5,1000,0,5,27558
400,Del Norte,County,5,1028,0,5,274,66917,4,1103,10,1010,0,5,27558
401,Del Norte,County,5,1033,0,5,667,67584,10,1113,2,1012,0,5,27558
402,Del Norte,County,5,1038,0,5,901,68485,9,1122,5,1017,0,5,27558
403,Del Norte,County,8,1046,0,5,271,68756,8,1130,3,1020,0,5,27558
404,Del Norte,County,2,1048,0,5,819,69575,8,1138,7,1027,1,6,27558
405,Del Norte,County,5,1053,0,5,101,69676,5,1143,6,1033,0,6,27558
406,Del Norte,County,6,1059,0,5,48,69724,5,1148,8,1041,0,6,27558
407,Del Norte,County,4,1063,0,5,47,69771,5,1153,7,1048,0,6,27558
408,Del Norte,County,14,1077,0,5,650,70421,11,1164,0,1048,0,6,27558
409,Del Norte,County,3,1080,0,5,833,71254,12,1176,0,1048,0,6,27558
410,Del Norte,County,8,1088,0,5,257,71511,6,1182,5,1053,0,6,27558
411,Del Norte,County,4,1092,0,5,536,72047,7,1189,6,1059,0,6,27558
412,Del Norte,County,9,1101,0,5,141,72188,12,1201,12,1071,0,6,27558
413,Del Norte,County,6,1107,0,5,32,72220,2,1203,4,1075,0,6,27558
414,Del Norte,County,1,1108,0,5,77,72297,6,1209,1,1076,0,6,27558
415,Del Norte,County,15,1123,0,5,589,72886,11,1220,6,1082,0,6,27558
416,Del Norte,County,6,1129,0,5,745,73631,9,1229,0,1082,0,6,27558
417,Del Norte,County,5,1134,0,5,237,73868,9,1238,5,1087,0,6,27558
418,Del Norte,County,5,1139,0,5,557,74425,8,1246,8,1095,0,6,27558
419,Del Norte,County,6,1145,0,5,152,74577,7,1253,6,1101,0,6,27558
420,Del Norte,County,3,1148,0,5,66,74643,10,1263,3,1104,0,6,27558
421,Del Norte,County,10,1158,0,5,52,74695,1,1264,3,1107,0,6,27558
422,Del Norte,County,7,1165,0,5,682,75377,18,1282,9,1116,0,6,27558
423,Del Norte,County,5,1170,0,5,807,76184,11,1293,2,1118,0,6,27558
424,Del Norte,County,8,1178,0,5,137,76321,10,1303,11,1129,0,6,27558
425,Del Norte,County,9,1187,0,5,574,76895,15,1318,9,1138,0,6,27558
243,El Dorado,County,12,1246,0,4,466,45924,9,1130,5,1162,0,4,193098
244,El Dorado,County,4,1250,0,4,541,46465,8,1138,6,1168,0,4,193098
245,El Dorado,County,7,1257,0,4,246,46711,7,1145,20,1188,0,4,193098
246,El Dorado,County,7,1264,0,4,129,46840,1,1146,8,1196,0,4,193098
247,El Dorado,County,4,1268,0,4,551,47391,2,1148,6,1202,0,4,193098
248,El Dorado,County,4,1272,0,4,612,48003,8,1156,9,1211,0,4,193098
249,El Dorado,County,4,1276,0,4,582,48585,8,1164,8,1219,0,4,193098
250,El Dorado,County,8,1284,0,4,523,49108,10,1174,11,1230,0,4,193098
251,El Dorado,County,1,1285,0,4,413,49521,4,1178,4,1234,0,4,193098
252,El Dorado,County,4,1289,0,4,205,49726,3,1181,6,1240,0,4,193098
253,El Dorado,County,2,1291,0,4,172,49898,0,1181,2,1242,0,4,193098
254,El Dorado,County,9,1300,0,4,593,50491,5,1186,12,1254,0,4,193098
255,El Dorado,County,3,1303,0,4,703,51194,7,1193,8,1262,0,4,193098
256,El Dorado,County,9,1312,0,4,571,51765,6,1199,2,1264,0,4,193098
257,El Dorado,County,6,1318,0,4,449,52214,5,1204,1,1265,0,4,193098
258,El Dorado,County,5,1323,0,4,359,52573,5,1209,8,1273,0,4,193098
259,El Dorado,County,6,1329,0,4,215,52788,3,1212,4,1277,0,4,193098
260,El Dorado,County,4,1333,0,4,183,52971,1,1213,6,1283,0,4,193098
261,El Dorado,County,9,1342,0,4,532,53503,6,1219,4,1287,0,4,193098
262,El Dorado,County,21,1363,0,4,747,54250,17,1236,8,1295,0,4,193098
263,El Dorado,County,6,1369,0,4,477,54727,8,1244,10,1305,0,4,193098
264,El Dorado,County,12,1381,0,4,490,55217,11,1255,3,1308,0,4,193098
265,El Dorado,County,10,1391,0,4,424,55641,9,1264,2,1310,0,4,193098
266,El Dorado,County,9,1400,0,4,208,55849,8,1272,7,1317,0,4,193098
267,El Dorado,County,16,1416,0,4,161,56010,3,1275,11,1328,0,4,193098
268,El Dorado,County,15,1431,0,4,570,56580,8,1283,8,1336,0,4,193098
269,El Dorado,County,14,1445,0,4,654,57234,8,1291,15,1351,0,4,193098
270,El Dorado,County,13,1458,0,4,701,57935,13,1304,12,1363,0,4,193098
271,El Dorado,County,12,1470,0,4,605,58540,18,1322,7,1370,0,4,193098
272,El Dorado,County,22,1492,0,4,506,59046,15,1337,16,1386,0,4,193098
273,El Dorado,County,13,1505,0,4,261,59307,11,1348,4,1390,0,4,193098
274,El Dorado,County,9,1514,0,4,270,59577,6,1354,4,1394,0,4,193098
275,El Dorado,County,16,1530,0,4,627,60204,11,1365,11,1405,0,4,193098
276,El Dorado,County,24,1554,0,4,692,60896,24,1389,40,1445,0,4,193098
277,El Dorado,County,22,1576,0,4,602,61498,17,1406,3,1448,0,4,193098
278,El Dorado,County,15,1591,0,4,590,62088,18,1424,18,1466,0,4,193098
279,El Dorado,County,24,1615,0,4,547,62635,21,1445,9,1475,0,4,193098
280,El Dorado,County,26,1641,0,4,310,62945,13,1458,20,1495,0,4,193098
281,El Dorado,County,25,1666,0,4,306,63251,6,1464,7,1502,0,4,193098
282,El Dorado,County,38,1704,0,4,759,64010,22,1486,13,1515,0,4,193098
283,El Dorado,County,41,1745,0,4,779,64789,29,1515,36,1551,0,4,193098
284,El Dorado,County,61,1806,0,4,576,65365,42,1557,13,1564,0,4,193098
285,El Dorado,County,46,1852,0,4,726,66091,51,1608,9,1573,0,4,193098
286,El Dorado,County,46,1898,0,4,566,66657,40,1648,38,1611,0,4,193098
287,El Dorado,County,45,1943,0,4,325,66982,35,1683,37,1648,0,4,193098
288,El Dorado,County,44,1987,0,4,338,67320,18,1701,35,1683,0,4,193098
289,El Dorado,County,62,2049,0,4,844,68164,56,1757,11,1694,0,4,193098
290,El Dorado,County,61,2110,0,4,842,69006,53,1810,64,1758,0,4,193098
291,El Dorado,County,59,2169,0,4,829,69835,75,1885,41,1799,0,4,193098
292,El Dorado,County,87,2256,0,4,1067,70902,76,1961,26,1825,0,4,193098
293,El Dorado,County,74,2330,0,4,821,71723,86,2047,43,1868,0,4,193098
294,El Dorado,County,95,2425,0,4,495,72218,61,2108,32,1900,0,4,193098
295,El Dorado,County,49,2474,0,4,510,72728,20,2128,17,1917,0,4,193098
296,El Dorado,County,110,2584,0,4,893,73621,87,2215,88,2005,0,4,193098
297,El Dorado,County,120,2704,0,4,812,74433,98,2313,0,2005,0,4,193098
298,El Dorado,County,105,2809,1,5,779,75212,118,2431,149,2154,0,4,193098
299,El Dorado,County,36,2845,0,5,119,75331,18,2449,63,2217,0,4,193098
300,El Dorado,County,81,2926,0,5,569,75900,82,2531,21,2238,0,4,193098
301,El Dorado,County,72,2998,1,6,498,76398,69,2600,177,2415,0,4,193098
302,El Dorado,County,68,3066,1,7,459,76857,47,2647,32,2447,0,4,193098
303,El Dorado,County,130,3196,0,7,1101,77958,140,2787,41,2488,0,4,193098
304,El Dorado,County,174,3370,1,8,1243,79201,146,2933,54,2542,0,4,193098
305,El Dorado,County,145,3515,1,9,1134,80335,150,3083,96,2638,1,5,193098
306,El Dorado,County,100,3615,0,9,950,81285,92,3175,102,2740,1,6,193098
307,El Dorado,County,126,3741,0,9,918,82203,145,3320,193,2933,1,7,193098
308,El Dorado,County,88,3829,0,9,552,82755,82,3402,128,3061,1,8,193098
309,El Dorado,County,64,3893,0,9,432,83187,40,3442,25,3086,0,8,193098
310,El Dorado,County,137,4030,0,9,1100,84287,123,3565,189,3275,0,8,193098
311,El Dorado,County,180,4210,1,10,1302,85589,168,3733,21,3296,0,8,193098
312,El Dorado,County,124,4334,0,10,1121,86710,138,3871,153,3449,0,8,193098
313,El Dorado,County,136,4470,1,11,1046,87756,123,3994,108,3557,1,9,193098
314,El Dorado,County,119,4589,1,12,804,88560,113,4107,112,3669,0,9,193098
315,El Dorado,County,81,4670,1,13,460,89020,71,4178,37,3706,0,9,193098
316,El Dorado,County,75,4745,1,14,528,89548,49,4227,64,3770,0,9,193098
317,El Dorado,County,99,4844,2,16,1069,90617,117,4344,248,4018,0,9,193098
318,El Dorado,County,156,5000,1,17,1223,91840,145,4489,95,4113,0,9,193098
319,El Dorado,County,106,5106,1,18,1155,92995,132,4621,124,4237,0,9,193098
320,El Dorado,County,121,5227,4,22,962,93957,120,4741,90,4327,0,9,193098
321,El Dorado,County,144,5371,2,24,1022,94979,128,4869,167,4494,1,10,193098
322,El Dorado,County,61,5432,2,26,480,95459,64,4933,94,4588,0,10,193098
323,El Dorado,County,66,5498,1,27,571,96030,61,4994,109,4697,0,10,193098
324,El Dorado,County,127,5625,0,27,1112,97142,125,5119,108,4805,0,10,193098
325,El Dorado,County,146,5771,2,29,1034,98176,154,5273,80,4885,2,12,193098
326,El Dorado,County,121,5892,1,30,995,99171,127,5400,82,4967,2,14,193098
327,El Dorado,County,74,5966,1,31,556,99727,83,5483,75,5042,2,16,193098
328,El Dorado,County,26,5992,5,36,79,99806,18,5501,128,5170,0,16,193098
329,El Dorado,County,64,6056,0,36,373,100179,37,5538,109,5279,2,18,193098
330,El Dorado,County,55,6111,2,38,433,100612,44,5582,109,5388,0,18,193098
331,El Dorado,County,213,6324,3,41,1073,101685,220,5802,53,5441,0,18,193098
332,El Dorado,County,157,6481,2,43,1013,102698,171,5973,110,5551,4,22,193098
333,El Dorado,County,128,6609,2,45,969,103667,136,6109,44,5595,5,27,193098
334,El Dorado,County,99,6708,2,47,814,104481,115,6224,67,5662,-1,26,193098
335,El Dorado,County,52,6760,4,51,175,104656,27,6251,170,5832,1,27,193098
336,El Dorado,County,89,6849,2,53,505,105161,95,6346,127,5959,0,27,193098
337,El Dorado,County,55,6904,2,55,561,105722,58,6404,75,6034,0,27,193098
338,El Dorado,County,128,7032,0,55,1030,106752,124,6528,118,6152,0,27,193098
339,El Dorado,County,134,7166,2,57,1165,107917,154,6682,118,6270,5,32,193098
340,El Dorado,County,118,7284,5,62,1106,109023,143,6825,127,6397,3,35,193098
341,El Dorado,County,111,7395,2,64,937,109960,125,6950,148,6545,1,36,193098
342,El Dorado,County,99,7494,5,69,814,110774,118,7068,145,6690,0,36,193098
343,El Dorado,County,70,7564,1,70,464,111238,79,7147,110,6800,0,36,193098
344,El Dorado,County,32,7596,2,72,451,111689,26,7173,104,6904,0,36,193098
345,El Dorado,County,87,7683,0,72,1150,112839,102,7275,83,6987,0,36,193098
346,El Dorado,County,93,7776,0,72,1036,113875,109,7384,169,7156,5,41,193098
347,El Dorado,County,83,7859,1,73,1019,114894,88,7472,91,7247,2,43,193098
348,El Dorado,County,93,7952,4,77,849,115743,106,7578,74,7321,2,45,193098
349,El Dorado,County,73,8025,1,78,784,116527,88,7666,118,7439,2,47,193098
350,El Dorado,County,48,8073,2,80,336,116863,47,7713,136,7575,0,47,193098
351,El Dorado,County,22,8095,2,82,276,117139,11,7724,84,7659,0,47,193098
352,El Dorado,County,56,8151,4,86,773,117912,65,7789,48,7707,0,47,193098
353,El Dorado,County,69,8220,3,89,1225,119137,84,7873,36,7743,0,47,193098
354,El Dorado,County,61,8281,0,89,801,119938,64,7937,42,7785,6,53,193098
355,El Dorado,County,46,8327,1,90,753,120691,36,7973,38,7823,5,58,193098
356,El Dorado,County,49,8376,1,91,709,121400,56,8029,54,7877,6,64,193098
357,El Dorado,County,33,8409,0,91,340,121740,33,8062,107,7984,2,66,193098
358,El Dorado,County,16,8425,0,91,322,122062,11,8073,19,8003,0,66,193098
359,El Dorado,County,34,8459,2,93,924,122986,30,8103,57,8060,0,66,193098
360,El Dorado,County,24,8483,0,93,1052,124038,46,8149,55,8115,5,71,193098
361,El Dorado,County,25,8508,1,94,525,124563,27,8176,26,8141,5,76,193098
362,El Dorado,County,25,8533,1,95,595,125158,31,8207,57,8198,3,79,193098
363,El Dorado,County,13,8546,0,95,403,125561,17,8224,33,8231,4,83,193098
364,El Dorado,County,17,8563,0,95,273,125834,12,8236,68,8299,0,83,193098
365,El Dorado,County,20,8583,1,96,301,126135,12,8248,18,8317,0,83,193098
366,El Dorado,County,36,8619,2,98,847,126982,40,8288,20,8337,0,83,193098
367,El Dorado,County,39,8658,0,98,973,127955,42,8330,68,8405,1,84,193098
368,El Dorado,County,40,8698,0,98,643,128598,38,8368,23,8428,2,86,193098
369,El Dorado,County,20,8718,2,100,611,129209,35,8403,62,8490,0,86,193098
370,El Dorado,County,26,8744,0,100,555,129764,35,8438,37,8527,0,86,193098
371,El Dorado,County,20,8764,0,100,297,130061,23,8461,48,8575,0,86,193098
372,El Dorado,County,7,8771,0,100,315,130376,8,8469,21,8596,0,86,193098
373,El Dorado,County,29,8800,0,100,782,131158,34,8503,31,8627,0,86,193098
374,El Dorado,County,31,8831,2,102,773,131931,31,8534,36,8663,1,87,193098
375,El Dorado,County,26,8857,0,102,661,132592,26,8560,19,8682,0,87,193098
376,El Dorado,County,30,8887,0,102,533,133125,27,8587,16,8698,5,92,193098
377,El Dorado,County,21,8908,1,103,592,133717,37,8624,27,8725,0,92,193098
378,El Dorado,County,16,8924,0,103,284,134001,16,8640,33,8758,1,93,193098
379,El Dorado,County,11,8935,1,104,150,134151,13,8653,32,8790,1,94,193098
380,El Dorado,County,30,8965,0,104,558,134709,25,8678,26,8816,0,94,193098
381,El Dorado,County,17,8982,0,104,873,135582,40,8718,20,8836,0,94,193098
382,El Dorado,County,10,8992,0,104,658,136240,25,8743,11,8847,0,94,193098
383,El Dorado,County,12,9004,0,104,612,136852,18,8761,3,8850,0,94,193098
384,El Dorado,County,14,9018,0,104,473,137325,22,8783,32,8882,2,96,193098
385,El Dorado,County,9,9027,0,104,281,137606,10,8793,29,8911,0,96,193098
386,El Dorado,County,11,9038,0,104,296,137902,15,8808,16,8927,0,96,193098
387,El Dorado,County,18,9056,0,104,786,138688,23,8831,13,8940,0,96,193098
388,El Dorado,County,17,9073,1,105,731,139419,25,8856,29,8969,0,96,193098
389,El Dorado,County,13,9086,1,106,579,139998,27,8883,24,8993,2,98,193098
390,El Dorado,County,12,9098,1,107,551,140549,11,8894,19,9012,0,98,193098
391,El Dorado,County,16,9114,1,108,532,141081,23,8917,26,9038,0,98,193098
392,El Dorado,County,5,9119,0,108,288,141369,8,8925,34,9072,0,98,193098
393,El Dorado,County,4,9123,0,108,332,141701,2,8927,10,9082,0,98,193098
394,El Dorado,County,11,9134,0,108,775,142476,14,8941,3,9085,0,98,193098
395,El Dorado,County,24,9158,0,108,665,143141,22,8963,31,9116,0,98,193098
396,El Dorado,County,8,9166,1,109,616,143757,14,8977,5,9121,-1,97,193098
397,El Dorado,County,10,9176,0,109,499,144256,14,8991,12,9133,0,97,193098
398,El Dorado,County,15,9191,0,109,498,144754,16,9007,17,9150,0,97,193098
399,El Dorado,County,5,9196,0,109,211,144965,10,9017,16,9166,0,97,193098
400,El Dorado,County,4,9200,0,109,321,145286,7,9024,18,9184,0,97,193098
401,El Dorado,County,2,9202,0,109,802,146088,9,9033,4,9188,0,97,193098
402,El Dorado,County,3,9205,0,109,669,146757,12,9045,10,9198,1,98,193098
403,El Dorado,County,7,9212,0,109,503,147260,11,9056,5,9203,2,100,193098
404,El Dorado,County,12,9224,0,109,438,147698,4,9060,8,9211,1,101,193098
405,El Dorado,County,14,9238,0,109,430,148128,14,9074,8,9219,2,103,193098
406,El Dorado,County,9,9247,0,109,232,148360,9,9083,2,9221,0,103,193098
407,El Dorado,County,8,9255,0,109,196,148556,4,9087,10,9231,0,103,193098
408,El Dorado,County,10,9265,0,109,784,149340,18,9105,4,9235,0,103,193098
409,El Dorado,County,6,9271,0,109,668,150008,9,9114,14,9249,2,105,193098
410,El Dorado,County,16,9287,0,109,554,150562,17,9131,3,9252,0,105,193098
411,El Dorado,County,10,9297,0,109,489,151051,16,9147,9,9261,0,105,193098
412,El Dorado,County,13,9310,0,109,525,151576,19,9166,13,9274,0,105,193098
413,El Dorado,County,9,9319,0,109,223,151799,10,9176,16,9290,0,105,193098
414,El Dorado,County,6,9325,0,109,173,151972,7,9183,12,9302,0,105,193098
415,El Dorado,County,10,9335,0,109,725,152697,6,9189,8,9310,0,105,193098
416,El Dorado,County,16,9351,0,109,710,153407,19,9208,8,9318,0,105,193098
417,El Dorado,County,10,9361,0,109,607,154014,27,9235,1,9319,0,105,193098
418,El Dorado,County,6,9367,0,109,520,154534,3,9238,12,9331,0,105,193098
419,El Dorado,County,10,9377,0,109,498,155032,9,9247,22,9353,0,105,193098
420,El Dorado,County,5,9382,0,109,258,155290,12,9259,14,9367,0,105,193098
421,El Dorado,County,14,9396,0,109,177,155467,6,9265,4,9371,0,105,193098
422,El Dorado,County,15,9411,0,109,667,156134,18,9283,3,9374,0,105,193098
423,El Dorado,County,20,9431,0,109,673,156807,27,9310,7,9381,0,105,193098
424,El Dorado,County,19,9450,0,109,426,157233,20,9330,9,9390,1,106,193098
425,El Dorado,County,17,9467,0,109,560,157793,18,9348,3,9393,0,106,193098
243,Fresno,County,91,31112,1,447,2632,318883,124,33648,90,28796,2,397,1032227
244,Fresno,County,80,31192,2,449,2419,321302,99,33747,59,28855,6,403,1032227
245,Fresno,County,83,31275,0,449,1018,322320,70,33817,120,28975,5,408,1032227
246,Fresno,County,60,31335,3,452,699,323019,37,33854,90,29065,0,408,1032227
247,Fresno,County,123,31458,0,452,3104,326123,128,33982,71,29136,0,408,1032227
248,Fresno,County,117,31575,1,453,3336,329459,164,34146,-114,29022,4,412,1032227
249,Fresno,County,142,31717,1,454,3499,332958,131,34277,47,29069,1,413,1032227
250,Fresno,County,122,31839,1,455,2581,335539,154,34431,42,29111,3,416,1032227
251,Fresno,County,105,31944,1,456,2513,338052,156,34587,97,29208,1,417,1032227
252,Fresno,County,73,32017,3,459,1225,339277,94,34681,78,29286,4,421,1032227
253,Fresno,County,63,32080,0,459,836,340113,27,34708,133,29419,0,421,1032227
254,Fresno,County,138,32218,0,459,3746,343859,180,34888,104,29523,0,421,1032227
255,Fresno,County,133,32351,2,461,4158,348017,159,35047,56,29579,3,424,1032227
256,Fresno,County,120,32471,1,462,2958,350975,119,35166,71,29650,0,424,1032227
257,Fresno,County,112,32583,1,463,2746,353721,138,35304,77,29727,1,425,1032227
258,Fresno,County,93,32676,2,465,2525,356246,107,35411,69,29796,2,427,1032227
259,Fresno,County,75,32751,1,466,1273,357519,107,35518,115,29911,3,430,1032227
260,Fresno,County,54,32805,1,467,1010,358529,44,35562,140,30051,0,430,1032227
261,Fresno,County,124,32929,2,469,4110,362639,195,35757,101,30152,1,431,1032227
262,Fresno,County,108,33037,0,469,3959,366598,169,35926,68,30220,0,431,1032227
263,Fresno,County,103,33140,2,471,3074,369672,155,36081,108,30328,2,433,1032227
264,Fresno,County,96,33236,2,473,2946,372618,146,36227,143,30471,5,438,1032227
265,Fresno,County,109,33345,0,473,2709,375327,148,36375,119,30590,3,441,1032227
266,Fresno,County,67,33412,0,473,1394,376721,87,36462,162,30752,0,441,1032227
267,Fresno,County,61,33473,0,473,822,377543,33,36495,106,30858,0,441,1032227
268,Fresno,County,129,33602,4,477,3564,381107,182,36677,111,30969,0,441,1032227
269,Fresno,County,112,33714,1,478,4094,385201,166,36843,127,31096,1,442,1032227
270,Fresno,County,117,33831,0,478,2858,388059,125,36968,99,31195,2,444,1032227
271,Fresno,County,119,33950,2,480,2875,390934,153,37121,126,31321,1,445,1032227
272,Fresno,County,155,34105,1,481,2797,393731,172,37293,88,31409,1,446,1032227
273,Fresno,County,120,34225,1,482,1343,395074,116,37409,149,31558,5,451,1032227
274,Fresno,County,136,34361,3,485,1359,396433,61,37470,55,31613,0,451,1032227
275,Fresno,County,254,34615,1,486,3845,400278,259,37729,125,31738,0,451,1032227
276,Fresno,County,267,34882,1,487,4501,404779,297,38026,118,31856,6,457,1032227
277,Fresno,County,266,35148,1,488,4140,408919,239,38265,96,31952,0,457,1032227
278,Fresno,County,230,35378,0,488,3227,412146,278,38543,104,32056,3,460,1032227
279,Fresno,County,236,35614,0,488,3093,415239,238,38781,222,32278,0,460,1032227
280,Fresno,County,188,35802,0,488,1801,417040,179,38960,219,32497,5,465,1032227
281,Fresno,County,153,35955,2,490,1759,418799,105,39065,122,32619,0,465,1032227
282,Fresno,County,333,36288,0,490,4496,423295,326,39391,136,32755,0,465,1032227
283,Fresno,County,309,36597,3,493,5089,428384,359,39750,269,33024,0,465,1032227
284,Fresno,County,268,36865,2,495,3736,432120,260,40010,263,33287,3,468,1032227
285,Fresno,County,319,37184,2,497,4159,436279,357,40367,172,33459,0,468,1032227
286,Fresno,County,345,37529,3,500,4123,440402,394,40761,234,33693,2,470,1032227
287,Fresno,County,247,37776,1,501,1873,442275,243,41004,276,33969,1,471,1032227
288,Fresno,County,250,38026,1,502,2121,444396,207,41211,328,34297,0,471,1032227
289,Fresno,County,508,38534,4,506,6313,450709,569,41780,296,34593,0,471,1032227
290,Fresno,County,485,39019,3,509,6464,457173,619,42399,172,34765,1,472,1032227
291,Fresno,County,595,39614,4,513,6130,463303,714,43113,232,34997,2,474,1032227
292,Fresno,County,437,40051,5,518,5094,468397,535,43648,281,35278,4,478,1032227
293,Fresno,County,445,40496,4,522,4636,473033,554,44202,357,35635,2,480,1032227
294,Fresno,County,291,40787,3,525,2714,475747,303,44505,338,35973,2,482,1032227
295,Fresno,County,255,41042,3,528,2509,478256,258,44763,342,36315,6,488,1032227
296,Fresno,County,480,41522,4,532,5522,483778,623,45386,373,36688,0,488,1032227
297,Fresno,County,446,41968,3,535,6096,489874,672,46058,333,37021,5,493,1032227
298,Fresno,County,402,42370,7,542,4208,494082,539,46597,328,37349,1,494,1032227
299,Fresno,County,232,42602,2,544,850,494932,111,46708,375,37724,6,500,1032227
300,Fresno,County,402,43004,3,547,3043,497975,471,47179,270,37994,0,500,1032227
301,Fresno,County,406,43410,7,554,2252,500227,415,47594,294,38288,0,500,1032227
302,Fresno,County,344,43754,4,558,2404,502631,342,47936,280,38568,0,500,1032227
303,Fresno,County,948,44702,6,564,7271,509902,1190,49126,144,38712,0,500,1032227
304,Fresno,County,1106,45808,4,568,7960,517862,1255,50381,292,39004,5,505,1032227
305,Fresno,County,898,46706,5,573,7424,525286,1119,51500,320,39324,2,507,1032227
306,Fresno,County,745,47451,10,583,6476,531762,984,52484,356,39680,9,516,1032227
307,Fresno,County,747,48198,10,593,6435,538197,989,53473,428,40108,6,522,1032227
308,Fresno,County,708,48906,13,606,4686,542883,927,54400,460,40568,3,525,1032227
309,Fresno,County,320,49226,15,621,2346,545229,287,54687,301,40869,1,526,1032227
310,Fresno,County,947,50173,7,628,7232,552461,1154,55841,229,41098,0,526,1032227
311,Fresno,County,1467,51640,12,640,9753,562214,1759,57600,476,41574,3,529,1032227
312,Fresno,County,1254,52894,7,647,8705,570919,1455,59055,380,41954,4,533,1032227
313,Fresno,County,996,53890,14,661,7872,578791,1165,60220,507,42461,7,540,1032227
314,Fresno,County,977,54867,16,677,6311,585102,1068,61288,610,43071,10,550,1032227
315,Fresno,County,1009,55876,12,689,5272,590374,1119,62407,685,43756,9,559,1032227
316,Fresno,County,350,56226,11,700,2154,592528,316,62723,358,44114,0,559,1032227
317,Fresno,County,1102,57328,15,715,7802,600330,1196,63919,612,44726,1,560,1032227
318,Fresno,County,1019,58347,8,723,8098,608428,1220,65139,2590,47316,14,574,1032227
319,Fresno,County,1366,59713,8,731,9030,617458,1695,66834,1857,49173,10,584,1032227
320,Fresno,County,954,60667,10,741,8423,625881,1232,68066,745,49918,13,597,1032227
321,Fresno,County,858,61525,17,758,6374,632255,1024,69090,2725,52643,16,613,1032227
322,Fresno,County,825,62350,17,775,5169,637424,996,70086,2785,55428,21,634,1032227
323,Fresno,County,321,62671,13,788,2312,639736,318,70404,2188,57616,0,634,1032227
324,Fresno,County,981,63652,11,799,7537,647273,1126,71530,952,58568,0,634,1032227
325,Fresno,County,1146,64798,20,819,9268,656541,1365,72895,1072,59640,6,640,1032227
326,Fresno,County,1027,65825,15,834,7953,664494,1212,74107,848,60488,14,654,1032227
327,Fresno,County,606,66431,14,848,3396,667890,656,74763,947,61435,9,663,1032227
328,Fresno,County,223,66654,11,859,591,668481,107,74870,816,62251,16,679,1032227
329,Fresno,County,858,67512,18,877,4135,672616,921,75791,829,63080,0,679,1032227
330,Fresno,County,467,67979,18,895,2721,675337,496,76287,731,63811,0,679,1032227
331,Fresno,County,1242,69221,11,906,7701,683038,1329,77616,463,64274,0,679,1032227
332,Fresno,County,1266,70487,22,928,9211,692249,1484,79100,875,65149,9,688,1032227
333,Fresno,County,1369,71856,22,950,8871,701120,1621,80721,417,65566,23,711,1032227
334,Fresno,County,841,72697,14,964,4551,705671,955,81676,876,66442,0,711,1032227
335,Fresno,County,424,73121,20,984,825,706496,173,81849,1042,67484,6,717,1032227
336,Fresno,County,1069,74190,12,996,5101,711597,1294,83143,1256,68740,0,717,1032227
337,Fresno,County,534,74724,18,1014,2526,714123,454,83597,586,69326,2,719,1032227
338,Fresno,County,1143,75867,13,1027,7641,721764,1274,84871,545,69871,7,726,1032227
339,Fresno,County,1261,77128,19,1046,9120,730884,1563,86434,1100,70971,15,741,1032227
340,Fresno,County,1220,78348,23,1069,8581,739465,1585,88019,433,71404,11,752,1032227
341,Fresno,County,839,79187,20,1089,7109,746574,1024,89043,1153,72557,13,765,1032227
342,Fresno,County,953,80140,22,1111,5921,752495,1138,90181,1132,73689,6,771,1032227
343,Fresno,County,814,80954,11,1122,4746,757241,1040,91221,1127,74816,2,773,1032227
344,Fresno,County,407,81361,16,1138,2328,759569,356,91577,805,75621,2,775,1032227
345,Fresno,County,812,82173,13,1151,7373,766942,979,92556,960,76581,0,775,1032227
346,Fresno,County,876,83049,16,1167,8067,775009,1246,93802,1070,77651,21,796,1032227
347,Fresno,County,864,83913,13,1180,7981,782990,1191,94993,627,78278,8,804,1032227
348,Fresno,County,708,84621,14,1194,7384,790374,918,95911,755,79033,10,814,1032227
349,Fresno,County,633,85254,17,1211,5401,795775,834,96745,917,79950,18,832,1032227
350,Fresno,County,538,85792,14,1225,3648,799423,746,97491,1344,81294,14,846,1032227
351,Fresno,County,271,86063,14,1239,1480,800903,217,97708,745,82039,11,857,1032227
352,Fresno,County,554,86617,13,1252,6868,807771,625,98333,446,82485,0,857,1032227
353,Fresno,County,609,87226,10,1262,7936,815707,977,99310,715,83200,0,857,1032227
354,Fresno,County,517,87743,7,1269,6686,822393,744,100054,391,83591,15,872,1032227
355,Fresno,County,421,88164,17,1286,6659,829052,538,100592,546,84137,17,889,1032227
356,Fresno,County,404,88568,11,1297,4955,834007,585,101177,607,84744,3,892,1032227
357,Fresno,County,337,88905,11,1308,3168,837175,522,101699,530,85274,18,910,1032227
358,Fresno,County,183,89088,10,1318,1753,838928,155,101854,534,85808,1,911,1032227
359,Fresno,County,437,89525,10,1328,6452,845380,516,102370,528,86336,2,913,1032227
360,Fresno,County,369,89894,18,1346,6034,851414,603,102973,337,86673,10,923,1032227
361,Fresno,County,356,90250,13,1359,6700,858114,544,103517,213,86886,15,938,1032227
362,Fresno,County,294,90544,8,1367,5285,863399,393,103910,515,87401,11,949,1032227
363,Fresno,County,287,90831,6,1373,3901,867300,434,104344,535,87936,13,962,1032227
364,Fresno,County,213,91044,11,1384,2457,869757,315,104659,540,88476,2,964,1032227
365,Fresno,County,177,91221,11,1395,1778,871535,152,104811,376,88852,30,994,1032227
366,Fresno,County,313,91534,7,1402,6511,878046,429,105240,420,89272,0,994,1032227
367,Fresno,County,329,91863,10,1412,5798,883844,461,105701,270,89542,15,1009,1032227
368,Fresno,County,301,92164,8,1420,5909,889753,479,106180,206,89748,6,1015,1032227
369,Fresno,County,220,92384,4,1424,5540,895293,280,106460,378,90126,99,1114,1032227
370,Fresno,County,214,92598,15,1439,3964,899257,288,106748,387,90513,80,1194,1032227
371,Fresno,County,202,92800,5,1444,2262,901519,272,107020,431,90944,13,1207,1032227
372,Fresno,County,112,92912,8,1452,1602,903121,96,107116,240,91184,0,1207,1032227
373,Fresno,County,228,93140,11,1463,5241,908362,266,107382,246,91430,0,1207,1032227
374,Fresno,County,208,93348,8,1471,6324,914686,364,107746,300,91730,4,1211,1032227
375,Fresno,County,235,93583,8,1479,5485,920171,307,108053,146,91876,36,1247,1032227
376,Fresno,County,173,93756,9,1488,4787,924958,224,108277,292,92168,8,1255,1032227
377,Fresno,County,154,93910,3,1491,3186,928144,227,108504,352,92520,18,1273,1032227
378,Fresno,County,153,94063,9,1500,2071,930215,219,108723,287,92807,14,1287,1032227
379,Fresno,County,112,94175,7,1507,1050,931265,92,108815,258,93065,0,1287,1032227
380,Fresno,County,169,94344,10,1517,3694,934959,191,109006,166,93231,1,1288,1032227
381,Fresno,County,200,94544,5,1522,6231,941190,313,109319,132,93363,5,1293,1032227
382,Fresno,County,162,94706,11,1533,5084,946274,273,109592,192,93555,14,1307,1032227
383,Fresno,County,138,94844,5,1538,5325,951599,194,109786,179,93734,16,1323,1032227
384,Fresno,County,169,95013,13,1551,3519,955118,226,110012,239,93973,7,1330,1032227
385,Fresno,County,128,95141,8,1559,2012,957130,181,110193,261,94234,11,1341,1032227
386,Fresno,County,83,95224,2,1561,1699,958829,106,110299,140,94374,8,1349,1032227
387,Fresno,County,140,95364,7,1568,5642,964471,187,110486,210,94584,2,1351,1032227
388,Fresno,County,160,95524,6,1574,5916,970387,246,110732,157,94741,5,1356,1032227
389,Fresno,County,161,95685,9,1583,4820,975207,226,110958,53,94794,13,1369,1032227
390,Fresno,County,146,95831,3,1586,4073,979280,196,111154,221,95015,8,1377,1032227
391,Fresno,County,143,95974,3,1589,3191,982471,199,111353,187,95202,14,1391,1032227
392,Fresno,County,103,96077,2,1591,1714,984185,132,111485,191,95393,9,1400,1032227
393,Fresno,County,73,96150,1,1592,1713,985898,72,111557,155,95548,5,1405,1032227
394,Fresno,County,179,96329,4,1596,5163,991061,179,111736,129,95677,0,1405,1032227
395,Fresno,County,137,96466,3,1599,4722,995783,195,111931,108,95785,5,1410,1032227
396,Fresno,County,144,96610,3,1602,5910,1001693,214,112145,108,95893,5,1415,1032227
397,Fresno,County,144,96754,2,1604,3894,1005587,187,112332,130,96023,7,1422,1032227
398,Fresno,County,161,96915,3,1607,3207,1008794,192,112524,161,96184,10,1432,1032227
399,Fresno,County,106,97021,3,1610,1516,1010310,136,112660,182,96366,8,1440,1032227
400,Fresno,County,91,97112,4,1614,1683,1011993,78,112738,183,96549,2,1442,1032227
401,Fresno,County,174,97286,3,1617,4960,1016953,205,112943,116,96665,0,1442,1032227
402,Fresno,County,95,97381,3,1620,4876,1021829,181,113124,79,96744,21,1463,1032227
403,Fresno,County,119,97500,2,1622,4253,1026082,170,113294,122,96866,8,1471,1032227
404,Fresno,County,105,97605,1,1623,3806,1029888,168,113462,160,97026,10,1481,1032227
405,Fresno,County,115,97720,0,1623,2885,1032773,151,113613,159,97185,8,1489,1032227
406,Fresno,County,96,97816,2,1625,1515,1034288,100,113713,139,97324,6,1495,1032227
407,Fresno,County,59,97875,1,1626,1039,1035327,64,113777,137,97461,1,1496,1032227
408,Fresno,County,107,97982,1,1627,5951,1041278,132,113909,59,97520,0,1496,1032227
409,Fresno,County,126,98108,2,1629,5408,1046686,186,114095,118,97638,2,1498,1032227
410,Fresno,County,133,98241,3,1632,4852,1051538,178,114273,89,97727,9,1507,1032227
411,Fresno,County,110,98351,2,1634,3342,1054880,147,114420,129,97856,20,1527,1032227
412,Fresno,County,95,98446,3,1637,2953,1057833,117,114537,113,97969,0,1527,1032227
413,Fresno,County,82,98528,1,1638,1367,1059200,97,114634,143,98112,5,1532,1032227
414,Fresno,County,60,98588,3,1641,1109,1060309,62,114696,99,98211,24,1556,1032227
415,Fresno,County,112,98700,2,1643,5863,1066172,147,114843,65,98276,0,1556,1032227
416,Fresno,County,96,98796,1,1644,5489,1071661,169,115012,86,98362,19,1575,1032227
417,Fresno,County,111,98907,4,1648,4332,1075993,167,115179,75,98437,10,1585,1032227
418,Fresno,County,89,98996,1,1649,3567,1079560,119,115298,165,98602,8,1593,1032227
419,Fresno,County,116,99112,2,1651,3424,1082984,135,115433,129,98731,8,1601,1032227
420,Fresno,County,60,99172,1,1652,1518,1084502,80,115513,170,98901,5,1606,1032227
421,Fresno,County,52,99224,0,1652,1047,1085549,58,115571,103,99004,0,1606,1032227
422,Fresno,County,82,99306,1,1653,4713,1090262,120,115691,81,99085,0,1606,1032227
423,Fresno,County,83,99389,1,1654,5314,1095576,145,115836,71,99156,3,1609,1032227
424,Fresno,County,63,99452,1,1655,3207,1098783,91,115927,84,99240,7,1616,1032227
425,Fresno,County,90,99542,1,1656,3059,1101842,130,116057,77,99317,0,1616,1032227
243,Glenn,County,5,612,0,3,96,6997,0,569,1,593,0,3,29348
244,Glenn,County,4,616,0,3,77,7074,4,573,1,594,0,3,29348
245,Glenn,County,5,621,0,3,46,7120,9,582,7,601,0,3,29348
246,Glenn,County,2,623,0,3,22,7142,2,584,0,601,0,3,29348
247,Glenn,County,2,625,0,3,89,7231,2,586,2,603,0,3,29348
248,Glenn,County,2,627,0,3,94,7325,7,593,1,604,0,3,29348
249,Glenn,County,3,630,0,3,148,7473,2,595,11,615,0,3,29348
250,Glenn,County,0,630,0,3,57,7530,1,596,1,616,0,3,29348
251,Glenn,County,3,633,0,3,67,7597,3,599,1,617,0,3,29348
252,Glenn,County,5,638,0,3,31,7628,2,601,6,623,0,3,29348
253,Glenn,County,0,638,0,3,19,7647,0,601,2,625,0,3,29348
254,Glenn,County,2,640,0,3,78,7725,1,602,1,626,0,3,29348
255,Glenn,County,1,641,0,3,79,7804,5,607,3,629,0,3,29348
256,Glenn,County,1,642,0,3,61,7865,3,610,0,629,0,3,29348
257,Glenn,County,1,643,0,3,46,7911,1,611,3,632,0,3,29348
258,Glenn,County,5,648,0,3,72,7983,2,613,0,632,0,3,29348
259,Glenn,County,5,653,0,3,41,8024,2,615,1,633,0,3,29348
260,Glenn,County,3,656,0,3,20,8044,1,616,1,634,0,3,29348
261,Glenn,County,2,658,0,3,91,8135,1,617,1,635,0,3,29348
262,Glenn,County,5,663,0,3,93,8228,7,624,3,638,0,3,29348
263,Glenn,County,5,668,0,3,76,8304,4,628,2,640,0,3,29348
264,Glenn,County,5,673,0,3,85,8389,8,636,3,643,0,3,29348
265,Glenn,County,7,680,0,3,93,8482,5,641,1,644,0,3,29348
266,Glenn,County,3,683,0,3,51,8533,3,644,6,650,0,3,29348
267,Glenn,County,3,686,0,3,23,8556,2,646,2,652,0,3,29348
268,Glenn,County,3,689,0,3,85,8641,3,649,8,660,0,3,29348
269,Glenn,County,7,696,0,3,105,8746,8,657,7,667,0,3,29348
270,Glenn,County,2,698,0,3,72,8818,6,663,6,673,0,3,29348
271,Glenn,County,4,702,0,3,64,8882,2,665,0,673,0,3,29348
272,Glenn,County,2,704,0,3,56,8938,4,669,1,674,0,3,29348
273,Glenn,County,6,710,0,3,20,8958,2,671,4,678,0,3,29348
274,Glenn,County,2,712,0,3,19,8977,3,674,10,688,0,3,29348
275,Glenn,County,9,721,0,3,92,9069,3,677,4,692,0,3,29348
276,Glenn,County,6,727,0,3,98,9167,9,686,6,698,0,3,29348
277,Glenn,County,6,733,0,3,64,9231,5,691,3,701,0,3,29348
278,Glenn,County,4,737,0,3,69,9300,2,693,1,702,0,3,29348
279,Glenn,County,20,757,1,4,204,9504,21,714,5,707,0,3,29348
280,Glenn,County,6,763,0,4,73,9577,8,722,0,707,0,3,29348
281,Glenn,County,8,771,0,4,24,9601,3,725,0,707,0,3,29348
282,Glenn,County,6,777,0,4,58,9659,4,729,7,714,0,3,29348
283,Glenn,County,6,783,1,5,133,9792,15,744,5,719,0,3,29348
284,Glenn,County,8,791,1,6,144,9936,3,747,3,722,0,3,29348
285,Glenn,County,16,807,0,6,104,10040,8,755,5,727,0,3,29348
286,Glenn,County,19,826,0,6,95,10135,14,769,28,755,0,3,29348
287,Glenn,County,14,840,0,6,72,10207,5,774,17,772,0,3,29348
288,Glenn,County,9,849,0,6,20,10227,6,780,11,783,1,4,29348
289,Glenn,County,12,861,0,6,160,10387,7,787,3,786,0,4,29348
290,Glenn,County,12,873,0,6,109,10496,15,802,9,795,0,4,29348
291,Glenn,County,11,884,0,6,125,10621,14,816,8,803,0,4,29348
292,Glenn,County,16,900,0,6,98,10719,17,833,3,806,0,4,29348
293,Glenn,County,22,922,0,6,140,10859,31,864,20,826,0,4,29348
294,Glenn,County,12,934,1,7,70,10929,10,874,3,829,0,4,29348
295,Glenn,County,5,939,0,7,23,10952,7,881,3,832,0,4,29348
296,Glenn,County,20,959,0,7,207,11159,12,893,21,853,0,4,29348
297,Glenn,County,26,985,1,8,161,11320,37,930,30,883,0,4,29348
298,Glenn,County,18,1003,0,8,129,11449,22,952,8,891,0,4,29348
299,Glenn,County,17,1020,1,9,15,11464,3,955,1,892,0,4,29348
300,Glenn,County,15,1035,0,9,89,11553,24,979,-1,891,0,4,29348
301,Glenn,County,13,1048,1,10,76,11629,7,986,34,925,0,4,29348
302,Glenn,County,11,1059,1,11,26,11655,3,989,26,951,0,4,29348
303,Glenn,County,23,1082,0,11,242,11897,28,1017,3,954,1,5,29348
304,Glenn,County,23,1105,1,12,170,12067,39,1056,35,989,2,7,29348
305,Glenn,County,21,1126,0,12,129,12196,8,1064,6,995,0,7,29348
306,Glenn,County,17,1143,0,12,165,12361,21,1085,2,997,1,8,29348
307,Glenn,County,17,1160,0,12,136,12497,18,1103,20,1017,0,8,29348
308,Glenn,County,6,1166,0,12,78,12575,10,1113,39,1056,0,8,29348
309,Glenn,County,13,1179,0,12,21,12596,3,1116,11,1067,0,8,29348
310,Glenn,County,10,1189,0,12,188,12784,15,1131,18,1085,0,8,29348
311,Glenn,County,19,1208,0,12,146,12930,26,1157,9,1094,0,8,29348
312,Glenn,County,20,1228,0,12,219,13149,27,1184,13,1107,0,8,29348
313,Glenn,County,14,1242,0,12,102,13251,14,1198,19,1126,0,8,29348
314,Glenn,County,20,1262,0,12,113,13364,21,1219,9,1135,0,8,29348
315,Glenn,County,16,1278,0,12,85,13449,20,1239,8,1143,0,8,29348
316,Glenn,County,8,1286,0,12,63,13512,1,1240,28,1171,1,9,29348
317,Glenn,County,13,1299,1,13,116,13628,15,1255,15,1186,0,9,29348
318,Glenn,County,26,1325,0,13,129,13757,26,1281,21,1207,0,9,29348
319,Glenn,County,13,1338,0,13,166,13923,16,1297,29,1236,0,9,29348
320,Glenn,County,18,1356,0,13,85,14008,17,1314,8,1244,0,9,29348
321,Glenn,County,24,1380,0,13,103,14111,30,1344,20,1264,0,9,29348
322,Glenn,County,16,1396,0,13,72,14183,14,1358,22,1286,0,9,29348
323,Glenn,County,35,1431,0,13,156,14339,27,1385,9,1295,0,9,29348
324,Glenn,County,9,1440,1,14,70,14409,15,1400,28,1323,0,9,29348
325,Glenn,County,32,1472,0,14,169,14578,34,1434,14,1337,0,9,29348
326,Glenn,County,23,1495,1,15,113,14691,22,1456,12,1349,0,9,29348
327,Glenn,County,14,1509,0,15,108,14799,16,1472,14,1363,0,9,29348
328,Glenn,County,11,1520,0,15,10,14809,0,1472,27,1390,0,9,29348
329,Glenn,County,15,1535,0,15,77,14886,20,1492,23,1413,0,9,29348
330,Glenn,County,21,1556,0,15,100,14986,9,1501,21,1434,0,9,29348
331,Glenn,County,26,1582,1,16,76,15062,24,1525,1,1435,0,9,29348
332,Glenn,County,34,1616,0,16,139,15201,37,1562,19,1454,0,9,29348
333,Glenn,County,34,1650,0,16,182,15383,33,1595,17,1471,0,9,29348
334,Glenn,County,29,1679,0,16,114,15497,35,1630,13,1484,0,9,29348
335,Glenn,County,20,1699,0,16,17,15514,3,1633,36,1520,0,9,29348
336,Glenn,County,16,1715,0,16,94,15608,21,1654,26,1546,0,9,29348
337,Glenn,County,15,1730,0,16,88,15696,7,1661,35,1581,0,9,29348
338,Glenn,County,25,1755,0,16,79,15775,22,1683,9,1590,0,9,29348
339,Glenn,County,31,1786,0,16,144,15919,47,1730,18,1608,0,9,29348
340,Glenn,County,25,1811,0,16,173,16092,40,1770,14,1622,0,9,29348
341,Glenn,County,24,1835,2,18,113,16205,27,1797,17,1639,0,9,29348
342,Glenn,County,16,1851,0,18,127,16332,21,1818,41,1680,0,9,29348
343,Glenn,County,16,1867,0,18,81,16413,21,1839,27,1707,0,9,29348
344,Glenn,County,15,1882,0,18,79,16492,5,1844,39,1746,0,9,29348
345,Glenn,County,24,1906,0,18,73,16565,22,1866,17,1763,0,9,29348
346,Glenn,County,29,1935,0,18,132,16697,32,1898,18,1781,0,9,29348
347,Glenn,County,28,1963,0,18,149,16846,35,1933,11,1792,0,9,29348
348,Glenn,County,14,1977,0,18,155,17001,37,1970,6,1798,0,9,29348
349,Glenn,County,13,1990,0,18,73,17074,13,1983,26,1824,0,9,29348
350,Glenn,County,5,1995,0,18,67,17141,8,1991,70,1894,0,9,29348
351,Glenn,County,4,1999,0,18,81,17222,3,1994,30,1924,0,9,29348
352,Glenn,County,12,2011,1,19,59,17281,8,2002,11,1935,4,13,29348
353,Glenn,County,17,2028,1,20,148,17429,32,2034,13,1948,0,13,29348
354,Glenn,County,11,2039,1,21,127,17556,16,2050,7,1955,0,13,29348
355,Glenn,County,18,2057,0,21,128,17684,11,2061,9,1964,0,13,29348
356,Glenn,County,9,2066,0,21,96,17780,10,2071,21,1985,0,13,29348
357,Glenn,County,4,2070,0,21,43,17823,7,2078,30,2015,0,13,29348
358,Glenn,County,3,2073,0,21,29,17852,1,2079,11,2026,0,13,29348
359,Glenn,County,7,2080,0,21,122,17974,8,2087,2,2028,0,13,29348
360,Glenn,County,11,2091,1,22,122,18096,21,2108,6,2034,0,13,29348
361,Glenn,County,10,2101,0,22,73,18169,10,2118,8,2042,1,14,29348
362,Glenn,County,3,2104,0,22,94,18263,5,2123,1,2043,0,14,29348
363,Glenn,County,5,2109,0,22,95,18358,6,2129,18,2061,0,14,29348
364,Glenn,County,5,2114,0,22,40,18398,2,2131,13,2074,0,14,29348
365,Glenn,County,3,2117,0,22,29,18427,5,2136,9,2083,0,14,29348
366,Glenn,County,11,2128,0,22,109,18536,12,2148,3,2086,0,14,29348
367,Glenn,County,15,2143,0,22,116,18652,16,2164,4,2090,0,14,29348
368,Glenn,County,11,2154,0,22,80,18732,14,2178,8,2098,0,14,29348
369,Glenn,County,9,2163,0,22,73,18805,10,2188,4,2102,0,14,29348
370,Glenn,County,4,2167,0,22,65,18870,7,2195,20,2122,0,14,29348
371,Glenn,County,6,2173,0,22,42,18912,6,2201,14,2136,0,14,29348
372,Glenn,County,1,2174,0,22,22,18934,1,2202,5,2141,0,14,29348
373,Glenn,County,4,2178,0,22,117,19051,7,2209,7,2148,0,14,29348
374,Glenn,County,7,2185,0,22,129,19180,9,2218,8,2156,0,14,29348
375,Glenn,County,4,2189,0,22,81,19261,10,2228,4,2160,0,14,29348
376,Glenn,County,2,2191,0,22,56,19317,2,2230,6,2166,0,14,29348
377,Glenn,County,2,2193,0,22,58,19375,4,2234,9,2175,0,14,29348
378,Glenn,County,3,2196,0,22,31,19406,3,2237,7,2182,0,14,29348
379,Glenn,County,1,2197,0,22,16,19422,1,2238,2,2184,0,14,29348
380,Glenn,County,2,2199,0,22,86,19508,2,2240,1,2185,0,14,29348
381,Glenn,County,3,2202,0,22,75,19583,4,2244,4,2189,0,14,29348
382,Glenn,County,9,2211,0,22,62,19645,6,2250,0,2189,0,14,29348
383,Glenn,County,0,2211,0,22,69,19714,2,2252,6,2195,0,14,29348
384,Glenn,County,6,2217,0,22,70,19784,6,2258,4,2199,0,14,29348
385,Glenn,County,5,2222,0,22,29,19813,3,2261,0,2199,0,14,29348
386,Glenn,County,3,2225,0,22,18,19831,0,2261,2,2201,0,14,29348
387,Glenn,County,2,2227,0,22,101,19932,2,2263,6,2207,0,14,29348
388,Glenn,County,6,2233,0,22,74,20006,10,2273,2,2209,0,14,29348
389,Glenn,County,2,2235,0,22,54,20060,2,2275,1,2210,0,14,29348
390,Glenn,County,2,2237,0,22,68,20128,4,2279,9,2219,1,15,29348
391,Glenn,County,3,2240,0,22,59,20187,3,2282,1,2220,0,15,29348
392,Glenn,County,3,2243,0,22,58,20245,4,2286,5,2225,0,15,29348
393,Glenn,County,0,2243,0,22,19,20264,1,2287,5,2230,0,15,29348
394,Glenn,County,2,2245,0,22,129,20393,3,2290,2,2232,0,15,29348
395,Glenn,County,5,2250,0,22,94,20487,5,2295,0,2232,0,15,29348
396,Glenn,County,6,2256,0,22,69,20556,5,2300,1,2233,0,15,29348
397,Glenn,County,0,2256,0,22,53,20609,1,2301,3,2236,0,15,29348
398,Glenn,County,4,2260,0,22,64,20673,3,2304,5,2241,0,15,29348
399,Glenn,County,5,2265,0,22,51,20724,5,2309,0,2241,0,15,29348
400,Glenn,County,0,2265,0,22,21,20745,1,2310,3,2244,0,15,29348
401,Glenn,County,2,2267,0,22,92,20837,2,2312,5,2249,0,15,29348
402,Glenn,County,1,2268,0,22,113,20950,2,2314,2,2251,0,15,29348
403,Glenn,County,4,2272,0,22,65,21015,3,2317,2,2253,0,15,29348
404,Glenn,County,3,2275,1,23,66,21081,7,2324,2,2255,0,15,29348
405,Glenn,County,3,2278,0,23,51,21132,4,2328,3,2258,0,15,29348
406,Glenn,County,1,2279,0,23,24,21156,2,2330,2,2260,0,15,29348
407,Glenn,County,1,2280,0,23,14,21170,0,2330,0,2260,0,15,29348
408,Glenn,County,5,2285,0,23,115,21285,5,2335,1,2261,0,15,29348
409,Glenn,County,5,2290,0,23,115,21400,4,2339,6,2267,2,17,29348
410,Glenn,County,8,2298,0,23,118,21518,10,2349,2,2269,0,17,29348
411,Glenn,County,7,2305,0,23,61,21579,7,2356,6,2275,0,17,29348
412,Glenn,County,4,2309,0,23,42,21621,3,2359,7,2282,0,17,29348
413,Glenn,County,0,2309,0,23,25,21646,0,2359,6,2288,0,17,29348
414,Glenn,County,1,2310,0,23,16,21662,0,2359,0,2288,0,17,29348
415,Glenn,County,3,2313,0,23,174,21836,7,2366,3,2291,0,17,29348
416,Glenn,County,8,2321,0,23,111,21947,8,2374,2,2293,0,17,29348
417,Glenn,County,5,2326,0,23,82,22029,5,2379,4,2297,0,17,29348
418,Glenn,County,1,2327,0,23,55,22084,0,2379,5,2302,0,17,29348
419,Glenn,County,1,2328,0,23,37,22121,1,2380,5,2307,0,17,29348
420,Glenn,County,0,2328,0,23,28,22149,0,2380,1,2308,0,17,29348
421,Glenn,County,1,2329,0,23,9,22158,1,2381,1,2309,0,17,29348
422,Glenn,County,3,2332,0,23,171,22329,5,2386,1,2310,0,17,29348
423,Glenn,County,6,2338,0,23,109,22438,7,2393,0,2310,0,17,29348
424,Glenn,County,1,2339,0,23,68,22506,0,2393,8,2318,0,17,29348
425,Glenn,County,5,2344,0,23,39,22545,4,2397,4,2322,0,17,29348
243,Humboldt,County,2,519,0,7,342,36812,3,515,2,499,0,6,134098
244,Humboldt,County,0,519,0,7,325,37137,2,517,4,503,0,6,134098
245,Humboldt,County,1,520,0,7,44,37181,1,518,1,504,0,6,134098
246,Humboldt,County,1,521,0,7,41,37222,1,519,2,506,0,6,134098
247,Humboldt,County,1,522,0,7,348,37570,3,522,0,506,0,6,134098
248,Humboldt,County,1,523,0,7,412,37982,2,524,2,508,1,7,134098
249,Humboldt,County,3,526,0,7,382,38364,2,526,4,512,0,7,134098
250,Humboldt,County,3,529,0,7,370,38734,0,526,3,515,0,7,134098
251,Humboldt,County,4,533,0,7,339,39073,2,528,1,516,0,7,134098
252,Humboldt,County,2,535,0,7,61,39134,0,528,2,518,0,7,134098
253,Humboldt,County,3,538,0,7,59,39193,3,531,3,521,0,7,134098
254,Humboldt,County,1,539,0,7,472,39665,8,539,1,522,0,7,134098
255,Humboldt,County,3,542,0,7,395,40060,6,545,1,523,0,7,134098
256,Humboldt,County,2,544,0,7,413,40473,4,549,8,531,0,7,134098
257,Humboldt,County,3,547,1,8,424,40897,3,552,0,531,0,7,134098
258,Humboldt,County,4,551,0,8,393,41290,8,560,2,533,0,7,134098
259,Humboldt,County,0,551,0,8,33,41323,1,561,2,535,0,7,134098
260,Humboldt,County,3,554,0,8,48,41371,1,562,5,540,0,7,134098
261,Humboldt,County,3,557,0,8,490,41861,2,564,3,543,0,7,134098
262,Humboldt,County,0,557,0,8,541,42402,2,566,2,545,0,7,134098
263,Humboldt,County,4,561,0,8,403,42805,4,570,3,548,0,7,134098
264,Humboldt,County,1,562,0,8,432,43237,1,571,0,548,0,7,134098
265,Humboldt,County,1,563,0,8,391,43628,4,575,5,553,0,7,134098
266,Humboldt,County,2,565,0,8,44,43672,1,576,0,553,0,7,134098
267,Humboldt,County,2,567,1,9,39,43711,0,576,1,554,0,7,134098
268,Humboldt,County,3,570,0,9,511,44222,4,580,0,554,0,7,134098
269,Humboldt,County,8,578,0,9,508,44730,3,583,5,559,0,7,134098
270,Humboldt,County,3,581,0,9,394,45124,5,588,0,559,0,7,134098
271,Humboldt,County,4,585,0,9,439,45563,3,591,0,559,0,7,134098
272,Humboldt,County,5,590,0,9,393,45956,7,598,2,561,0,7,134098
273,Humboldt,County,1,591,0,9,48,46004,0,598,0,561,1,8,134098
274,Humboldt,County,3,594,0,9,64,46068,1,599,7,568,0,8,134098
275,Humboldt,County,8,602,0,9,516,46584,8,607,1,569,0,8,134098
276,Humboldt,County,9,611,0,9,538,47122,7,614,1,570,0,8,134098
277,Humboldt,County,6,617,0,9,453,47575,4,618,1,571,1,9,134098
278,Humboldt,County,9,626,0,9,462,48037,10,628,10,581,0,9,134098
279,Humboldt,County,11,637,0,9,503,48540,9,637,6,587,0,9,134098
280,Humboldt,County,3,640,0,9,78,48618,1,638,3,590,0,9,134098
281,Humboldt,County,11,651,0,9,44,48662,0,638,15,605,0,9,134098
282,Humboldt,County,16,667,0,9,559,49221,18,656,2,607,0,9,134098
283,Humboldt,County,13,680,0,9,604,49825,14,670,3,610,0,9,134098
284,Humboldt,County,17,697,0,9,379,50204,9,679,13,623,0,9,134098
285,Humboldt,County,14,711,0,9,680,50884,8,687,2,625,0,9,134098
286,Humboldt,County,13,724,0,9,546,51430,16,703,13,638,0,9,134098
287,Humboldt,County,15,739,0,9,89,51519,4,707,5,643,0,9,134098
288,Humboldt,County,15,754,0,9,86,51605,5,712,10,653,0,9,134098
289,Humboldt,County,28,782,0,9,720,52325,16,728,7,660,0,9,134098
290,Humboldt,County,18,800,0,9,808,53133,20,748,25,685,0,9,134098
291,Humboldt,County,22,822,0,9,749,53882,31,779,5,690,0,9,134098
292,Humboldt,County,14,836,0,9,767,54649,23,802,3,693,0,9,134098
293,Humboldt,County,20,856,0,9,757,55406,17,819,21,714,0,9,134098
294,Humboldt,County,9,865,0,9,143,55549,3,822,14,728,0,9,134098
295,Humboldt,County,10,875,0,9,149,55698,13,835,1,729,0,9,134098
296,Humboldt,County,16,891,0,9,758,56456,30,865,17,746,0,9,134098
297,Humboldt,County,13,904,0,9,797,57253,17,882,28,774,0,9,134098
298,Humboldt,County,19,923,0,9,685,57938,29,911,3,777,0,9,134098
299,Humboldt,County,8,931,0,9,104,58042,2,913,18,795,0,9,134098
300,Humboldt,County,22,953,0,9,319,58361,13,926,0,795,0,9,134098
301,Humboldt,County,19,972,0,9,103,58464,9,935,49,844,0,9,134098
302,Humboldt,County,35,1007,0,9,118,58582,4,939,12,856,0,9,134098
303,Humboldt,County,29,1036,0,9,659,59241,21,960,14,870,0,9,134098
304,Humboldt,County,47,1083,0,9,723,59964,38,998,16,886,0,9,134098
305,Humboldt,County,31,1114,0,9,752,60716,38,1036,13,899,0,9,134098
306,Humboldt,County,26,1140,0,9,782,61498,28,1064,24,923,0,9,134098
307,Humboldt,County,30,1170,0,9,690,62188,40,1104,37,960,0,9,134098
308,Humboldt,County,18,1188,1,10,260,62448,13,1117,19,979,0,9,134098
309,Humboldt,County,33,1221,0,10,368,62816,30,1147,25,1004,0,9,134098
310,Humboldt,County,25,1246,0,10,791,63607,30,1177,19,1023,0,9,134098
311,Humboldt,County,35,1281,0,10,809,64416,52,1229,36,1059,1,10,134098
312,Humboldt,County,26,1307,0,10,740,65156,38,1267,27,1086,0,10,134098
313,Humboldt,County,32,1339,0,10,834,65990,35,1302,54,1140,-1,9,134098
314,Humboldt,County,20,1359,0,10,752,66742,26,1328,50,1190,0,9,134098
315,Humboldt,County,18,1377,2,12,261,67003,5,1333,18,1208,0,9,134098
316,Humboldt,County,19,1396,0,12,290,67293,12,1345,30,1238,0,9,134098
317,Humboldt,County,23,1419,1,13,702,67995,18,1363,18,1256,0,9,134098
318,Humboldt,County,13,1432,1,14,692,68687,21,1384,20,1276,3,12,134098
319,Humboldt,County,20,1452,1,15,786,69473,28,1412,32,1308,0,12,134098
320,Humboldt,County,32,1484,0,15,720,70193,37,1449,14,1322,2,14,134098
321,Humboldt,County,33,1517,0,15,804,70997,42,1491,9,1331,1,15,134098
322,Humboldt,County,15,1532,0,15,348,71345,15,1506,26,1357,0,15,134098
323,Humboldt,County,17,1549,1,16,356,71701,19,1525,29,1386,0,15,134098
324,Humboldt,County,37,1586,0,16,771,72472,34,1559,33,1419,1,16,134098
325,Humboldt,County,24,1610,0,16,783,73255,36,1595,21,1440,0,16,134098
326,Humboldt,County,34,1644,0,16,749,74004,30,1625,18,1458,0,16,134098
327,Humboldt,County,25,1669,1,17,426,74430,27,1652,58,1516,0,16,134098
328,Humboldt,County,23,1692,3,20,47,74477,2,1654,16,1532,0,16,134098
329,Humboldt,County,38,1730,0,20,301,74778,26,1680,13,1545,1,17,134098
330,Humboldt,County,38,1768,0,20,371,75149,29,1709,30,1575,0,17,134098
331,Humboldt,County,43,1811,0,20,914,76063,62,1771,4,1579,2,19,134098
332,Humboldt,County,35,1846,2,22,873,76936,58,1829,37,1616,0,19,134098
333,Humboldt,County,46,1892,0,22,974,77910,66,1895,38,1654,3,22,134098
334,Humboldt,County,34,1926,0,22,696,78606,37,1932,59,1713,-1,21,134098
335,Humboldt,County,17,1943,0,22,61,78667,2,1934,70,1783,0,21,134098
336,Humboldt,County,38,1981,0,22,354,79021,24,1958,32,1815,0,21,134098
337,Humboldt,County,24,2005,0,22,397,79418,12,1970,18,1833,0,21,134098
338,Humboldt,County,37,2042,0,22,933,80351,33,2003,12,1845,1,22,134098
339,Humboldt,County,36,2078,0,22,693,81044,49,2052,39,1884,0,22,134098
340,Humboldt,County,37,2115,0,22,917,81961,45,2097,28,1912,0,22,134098
341,Humboldt,County,26,2141,0,22,682,82643,28,2125,42,1954,0,22,134098
342,Humboldt,County,27,2168,0,22,660,83303,39,2164,34,1988,0,22,134098
343,Humboldt,County,24,2192,0,22,243,83546,14,2178,38,2026,0,22,134098
344,Humboldt,County,18,2210,0,22,331,83877,19,2197,23,2049,0,22,134098
345,Humboldt,County,62,2272,1,23,972,84849,62,2259,20,2069,0,22,134098
346,Humboldt,County,40,2312,1,24,688,85537,33,2292,8,2077,0,22,134098
347,Humboldt,County,54,2366,0,24,775,86312,58,2350,37,2114,0,22,134098
348,Humboldt,County,32,2398,0,24,574,86886,40,2390,55,2169,0,22,134098
349,Humboldt,County,43,2441,0,24,628,87514,40,2430,49,2218,0,22,134098
350,Humboldt,County,27,2468,0,24,245,87759,29,2459,76,2294,0,22,134098
351,Humboldt,County,20,2488,0,24,215,87974,30,2489,28,2322,0,22,134098
352,Humboldt,County,38,2526,0,24,663,88637,28,2517,21,2343,0,22,134098
353,Humboldt,County,38,2564,0,24,703,89340,48,2565,16,2359,0,22,134098
354,Humboldt,County,24,2588,0,24,697,90037,47,2612,31,2390,0,22,134098
355,Humboldt,County,43,2631,0,24,573,90610,55,2667,33,2423,1,23,134098
356,Humboldt,County,22,2653,1,25,691,91301,48,2715,29,2452,0,23,134098
357,Humboldt,County,24,2677,0,25,251,91552,23,2738,41,2493,0,23,134098
358,Humboldt,County,19,2696,0,25,340,91892,18,2756,69,2562,1,24,134098
359,Humboldt,County,39,2735,0,25,904,92796,59,2815,25,2587,0,24,134098
360,Humboldt,County,34,2769,0,25,639,93435,49,2864,25,2612,0,24,134098
361,Humboldt,County,22,2791,1,26,531,93966,19,2883,18,2630,0,24,134098
362,Humboldt,County,22,2813,2,28,567,94533,30,2913,56,2686,0,24,134098
363,Humboldt,County,17,2830,0,28,698,95231,25,2938,21,2707,0,24,134098
364,Humboldt,County,13,2843,0,28,233,95464,9,2947,35,2742,0,24,134098
365,Humboldt,County,11,2854,0,28,184,95648,14,2961,25,2767,1,25,134098
366,Humboldt,County,16,2870,1,29,492,96140,26,2987,6,2773,0,25,134098
367,Humboldt,County,22,2892,0,29,567,96707,22,3009,11,2784,0,25,134098
368,Humboldt,County,11,2903,0,29,541,97248,16,3025,16,2800,2,27,134098
369,Humboldt,County,10,2913,0,29,597,97845,23,3048,27,2827,1,28,134098
370,Humboldt,County,10,2923,0,29,613,98458,21,3069,30,2857,0,28,134098
371,Humboldt,County,10,2933,1,30,165,98623,6,3075,23,2880,0,28,134098
372,Humboldt,County,11,2944,0,30,200,98823,11,3086,15,2895,0,28,134098
373,Humboldt,County,21,2965,0,30,581,99404,35,3121,7,2902,1,29,134098
374,Humboldt,County,8,2973,0,30,617,100021,9,3130,2,2904,0,29,134098
375,Humboldt,County,8,2981,0,30,769,100790,11,3141,20,2924,0,29,134098
376,Humboldt,County,8,2989,0,30,459,101249,9,3150,30,2954,0,29,134098
377,Humboldt,County,13,3002,0,30,594,101843,15,3165,7,2961,0,29,134098
378,Humboldt,County,8,3010,0,30,188,102031,0,3165,13,2974,0,29,134098
379,Humboldt,County,13,3023,0,30,164,102195,9,3174,18,2992,0,29,134098
380,Humboldt,County,13,3036,0,30,482,102677,14,3188,5,2997,0,29,134098
381,Humboldt,County,7,3043,0,30,467,103144,13,3201,-3,2994,0,29,134098
382,Humboldt,County,24,3067,0,30,547,103691,13,3214,12,3006,0,29,134098
383,Humboldt,County,15,3082,0,30,641,104332,20,3234,17,3023,0,29,134098
384,Humboldt,County,12,3094,0,30,553,104885,16,3250,14,3037,0,29,134098
385,Humboldt,County,12,3106,1,31,242,105127,5,3255,36,3073,0,29,134098
386,Humboldt,County,8,3114,0,31,229,105356,5,3260,23,3096,0,29,134098
387,Humboldt,County,12,3126,0,31,714,106070,16,3276,-1,3095,0,29,134098
388,Humboldt,County,12,3138,0,31,605,106675,13,3289,13,3108,0,29,134098
389,Humboldt,County,17,3155,0,31,638,107313,14,3303,15,3123,0,29,134098
390,Humboldt,County,12,3167,0,31,588,107901,10,3313,6,3129,1,30,134098
391,Humboldt,County,7,3174,0,31,518,108419,17,3330,23,3152,0,30,134098
392,Humboldt,County,6,3180,0,31,199,108618,4,3334,15,3167,0,30,134098
393,Humboldt,County,6,3186,0,31,169,108787,5,3339,12,3179,0,30,134098
394,Humboldt,County,23,3209,0,31,659,109446,18,3357,0,3179,0,30,134098
395,Humboldt,County,19,3228,1,32,583,110029,10,3367,5,3184,0,30,134098
396,Humboldt,County,19,3247,0,32,665,110694,23,3390,12,3196,0,30,134098
397,Humboldt,County,12,3259,0,32,627,111321,21,3411,16,3212,1,31,134098
398,Humboldt,County,13,3272,0,32,499,111820,12,3423,22,3234,0,31,134098
399,Humboldt,County,7,3279,1,33,196,112016,6,3429,26,3260,0,31,134098
400,Humboldt,County,10,3289,0,33,212,112228,4,3433,14,3274,0,31,134098
401,Humboldt,County,10,3299,0,33,775,113003,11,3444,4,3278,0,31,134098
402,Humboldt,County,14,3313,0,33,535,113538,15,3459,10,3288,1,32,134098
403,Humboldt,County,12,3325,0,33,561,114099,16,3475,8,3296,0,32,134098
404,Humboldt,County,10,3335,0,33,464,114563,12,3487,6,3302,0,32,134098
405,Humboldt,County,17,3352,0,33,392,114955,12,3499,13,3315,0,32,134098
406,Humboldt,County,5,3357,0,33,149,115104,6,3505,10,3325,0,32,134098
407,Humboldt,County,7,3364,0,33,163,115267,6,3511,10,3335,0,32,134098
408,Humboldt,County,14,3378,0,33,722,115989,19,3530,2,3337,0,32,134098
409,Humboldt,County,6,3384,0,33,559,116548,9,3539,14,3351,1,33,134098
410,Humboldt,County,4,3388,0,33,514,117062,8,3547,14,3365,0,33,134098
411,Humboldt,County,8,3396,0,33,611,117673,8,3555,16,3381,1,34,134098
412,Humboldt,County,8,3404,0,33,417,118090,15,3570,7,3388,-1,33,134098
413,Humboldt,County,9,3413,0,33,133,118223,2,3572,11,3399,0,33,134098
414,Humboldt,County,7,3420,0,33,156,118379,2,3574,3,3402,1,34,134098
415,Humboldt,County,5,3425,0,33,712,119091,8,3582,1,3403,0,34,134098
416,Humboldt,County,5,3430,0,33,517,119608,13,3595,2,3405,0,34,134098
417,Humboldt,County,9,3439,0,33,483,120091,13,3608,9,3414,0,34,134098
418,Humboldt,County,3,3442,1,34,529,120620,9,3617,9,3423,0,34,134098
419,Humboldt,County,5,3447,0,34,409,121029,6,3623,8,3431,0,34,134098
420,Humboldt,County,2,3449,1,35,153,121182,6,3629,11,3442,0,34,134098
421,Humboldt,County,5,3454,0,35,207,121389,2,3631,10,3452,0,34,134098
422,Humboldt,County,3,3457,0,35,630,122019,7,3638,7,3459,0,34,134098
423,Humboldt,County,5,3462,0,35,434,122453,4,3642,2,3461,1,35,134098
424,Humboldt,County,3,3465,0,35,398,122851,0,3642,-1,3460,0,35,134098
425,Humboldt,County,6,3471,0,35,440,123291,7,3649,4,3464,0,35,134098
243,Imperial,County,25,12024,1,338,593,89234,26,13691,60,10928,38,325,191649
244,Imperial,County,43,12067,0,338,504,89738,43,13734,96,11024,2,327,191649
245,Imperial,County,22,12089,0,338,110,89848,14,13748,66,11090,0,327,191649
246,Imperial,County,23,12112,1,339,571,90419,17,13765,37,11127,0,327,191649
247,Imperial,County,40,12152,1,340,1278,91697,44,13809,42,11169,0,327,191649
248,Imperial,County,39,12191,0,340,1255,92952,48,13857,27,11196,0,327,191649
249,Imperial,County,38,12229,0,340,604,93556,53,13910,93,11289,3,330,191649
250,Imperial,County,37,12266,0,340,639,94195,59,13969,116,11405,0,330,191649
251,Imperial,County,39,12305,0,340,451,94646,35,14004,111,11516,0,330,191649
252,Imperial,County,27,12332,0,340,128,94774,15,14019,75,11591,-3,327,191649
253,Imperial,County,15,12347,0,340,140,94914,30,14049,23,11614,1,328,191649
254,Imperial,County,60,12407,1,341,643,95557,69,14118,75,11689,0,328,191649
255,Imperial,County,39,12446,0,341,711,96268,52,14170,38,11727,-1,327,191649
256,Imperial,County,35,12481,0,341,582,96850,36,14206,38,11765,3,330,191649
257,Imperial,County,37,12518,0,341,580,97430,43,14249,55,11820,0,330,191649
258,Imperial,County,41,12559,0,341,465,97895,49,14298,65,11885,0,330,191649
259,Imperial,County,40,12599,0,341,189,98084,24,14322,77,11962,0,330,191649
260,Imperial,County,28,12627,0,341,147,98231,26,14348,25,11987,0,330,191649
261,Imperial,County,62,12689,1,342,684,98915,85,14433,49,12036,0,330,191649
262,Imperial,County,54,12743,1,343,711,99626,71,14504,78,12114,0,330,191649
263,Imperial,County,69,12812,0,343,1897,101523,77,14581,96,12210,1,331,191649
264,Imperial,County,57,12869,1,344,972,102495,85,14666,101,12311,2,333,191649
265,Imperial,County,53,12922,0,344,992,103487,78,14744,87,12398,0,333,191649
266,Imperial,County,31,12953,1,345,243,103730,29,14773,71,12469,0,333,191649
267,Imperial,County,27,12980,1,346,165,103895,20,14793,103,12572,0,333,191649
268,Imperial,County,50,13030,0,346,729,104624,76,14869,82,12654,0,333,191649
269,Imperial,County,54,13084,1,347,715,105339,78,14947,26,12680,0,333,191649
270,Imperial,County,49,13133,2,349,771,106110,59,15006,50,12730,0,333,191649
271,Imperial,County,49,13182,1,350,454,106564,52,15058,39,12769,1,334,191649
272,Imperial,County,44,13226,0,350,631,107195,61,15119,84,12853,0,334,191649
273,Imperial,County,41,13267,2,352,159,107354,20,15139,59,12912,0,334,191649
274,Imperial,County,42,13309,2,354,1287,108641,28,15167,57,12969,0,334,191649
275,Imperial,County,91,13400,1,355,1195,109836,119,15286,35,13004,0,334,191649
276,Imperial,County,80,13480,0,355,846,110682,90,15376,40,13044,1,335,191649
277,Imperial,County,89,13569,0,355,1061,111743,119,15495,43,13087,0,335,191649
278,Imperial,County,98,13667,0,355,703,112446,100,15595,91,13178,2,337,191649
279,Imperial,County,92,13759,1,356,1087,113533,98,15693,52,13230,1,338,191649
280,Imperial,County,53,13812,0,356,184,113717,30,15723,158,13388,0,338,191649
281,Imperial,County,58,13870,0,356,175,113892,27,15750,40,13428,0,338,191649
282,Imperial,County,116,13986,0,356,786,114678,130,15880,80,13508,0,338,191649
283,Imperial,County,117,14103,1,357,945,115623,111,15991,62,13570,0,338,191649
284,Imperial,County,130,14233,0,357,743,116366,121,16112,53,13623,2,340,191649
285,Imperial,County,171,14404,0,357,1458,117824,186,16298,-4,13619,1,341,191649
286,Imperial,County,165,14569,0,357,991,118815,177,16475,171,13790,0,341,191649
287,Imperial,County,70,14639,2,359,197,119012,45,16520,142,13932,5,346,191649
288,Imperial,County,93,14732,0,359,329,119341,75,16595,8,13940,0,346,191649
289,Imperial,County,237,14969,3,362,1218,120559,263,16858,171,14111,0,346,191649
290,Imperial,County,247,15216,0,362,2366,122925,300,17158,93,14204,0,346,191649
291,Imperial,County,235,15451,1,363,1600,124525,259,17417,224,14428,2,348,191649
292,Imperial,County,222,15673,1,364,1588,126113,256,17673,79,14507,1,349,191649
293,Imperial,County,210,15883,2,366,1236,127349,226,17899,357,14864,4,353,191649
294,Imperial,County,62,15945,0,366,451,127800,60,17959,189,15053,2,355,191649
295,Imperial,County,78,16023,3,369,470,128270,36,17995,56,15109,0,355,191649
296,Imperial,County,205,16228,1,370,1563,129833,225,18220,-5,15104,0,355,191649
297,Imperial,County,170,16398,1,371,2243,132076,208,18428,496,15600,0,355,191649
298,Imperial,County,102,16500,1,372,1428,133504,104,18532,40,15640,0,355,191649
299,Imperial,County,70,16570,2,374,68,133572,13,18545,82,15722,0,355,191649
300,Imperial,County,108,16678,3,377,682,134254,101,18646,238,15960,1,356,191649
301,Imperial,County,68,16746,2,379,222,134476,55,18701,59,16019,0,356,191649
302,Imperial,County,64,16810,2,381,1076,135552,60,18761,119,16138,0,356,191649
303,Imperial,County,226,17036,7,388,1339,136891,160,18921,74,16212,0,356,191649
304,Imperial,County,252,17288,2,390,1808,138699,194,19115,66,16278,0,356,191649
305,Imperial,County,313,17601,3,393,1666,140365,296,19411,82,16360,0,356,191649
306,Imperial,County,424,18025,0,393,2278,142643,468,19879,76,16436,3,359,191649
307,Imperial,County,205,18230,3,396,1830,144473,247,20126,48,16484,3,362,191649
308,Imperial,County,243,18473,1,397,679,145152,244,20370,60,16544,0,362,191649
309,Imperial,County,162,18635,2,399,1254,146406,152,20522,378,16922,2,364,191649
310,Imperial,County,312,18947,2,401,2381,148787,355,20877,312,17234,0,364,191649
311,Imperial,County,420,19367,1,402,2980,151767,408,21285,334,17568,-1,363,191649
312,Imperial,County,517,19884,6,408,2216,153983,600,21885,189,17757,5,368,191649
313,Imperial,County,257,20141,4,412,2521,156504,257,22142,576,18333,2,370,191649
314,Imperial,County,214,20355,1,413,985,157489,234,22376,266,18599,7,377,191649
315,Imperial,County,87,20442,5,418,221,157710,60,22436,348,18947,2,379,191649
316,Imperial,County,82,20524,4,422,488,158198,53,22489,525,19472,0,379,191649
317,Imperial,County,283,20807,5,427,1393,159591,269,22758,136,19608,0,379,191649
318,Imperial,County,236,21043,3,430,2151,161742,261,23019,148,19756,1,380,191649
319,Imperial,County,218,21261,2,432,2256,163998,223,23242,224,19980,8,388,191649
320,Imperial,County,179,21440,3,435,1568,165566,195,23437,228,20208,3,391,191649
321,Imperial,County,159,21599,2,437,1220,166786,194,23631,222,20430,2,393,191649
322,Imperial,County,78,21677,6,443,284,167070,58,23689,281,20711,2,395,191649
323,Imperial,County,87,21764,4,447,819,167889,63,23752,171,20882,0,395,191649
324,Imperial,County,242,22006,5,452,1748,169637,345,24097,112,20994,0,395,191649
325,Imperial,County,269,22275,3,455,1769,171406,317,24414,134,21128,3,398,191649
326,Imperial,County,188,22463,6,461,2206,173612,194,24608,195,21323,1,399,191649
327,Imperial,County,94,22557,5,466,630,174242,108,24716,222,21545,3,402,191649
328,Imperial,County,49,22606,9,475,175,174417,19,24735,101,21646,3,405,191649
329,Imperial,County,90,22696,8,483,261,174678,54,24789,88,21734,0,405,191649
330,Imperial,County,89,22785,8,491,779,175457,65,24854,200,21934,0,405,191649
331,Imperial,County,284,23069,9,500,1570,177027,375,25229,69,22003,0,405,191649
332,Imperial,County,261,23330,8,508,1999,179026,276,25505,102,22105,2,407,191649
333,Imperial,County,208,23538,6,514,2193,181219,224,25729,-7,22098,5,412,191649
334,Imperial,County,167,23705,1,515,777,181996,168,25897,396,22494,5,417,191649
335,Imperial,County,64,23769,6,521,99,182095,29,25926,221,22715,1,418,191649
336,Imperial,County,84,23853,5,526,352,182447,64,25990,152,22867,2,420,191649
337,Imperial,County,78,23931,8,534,843,183290,72,26062,84,22951,-1,419,191649
338,Imperial,County,252,24183,5,539,1695,184985,295,26357,84,23035,1,420,191649
339,Imperial,County,151,24334,10,549,1359,186344,155,26512,130,23165,1,421,191649
340,Imperial,County,164,24498,5,554,1366,187710,180,26692,235,23400,10,431,191649
341,Imperial,County,253,24751,9,563,1458,189168,264,26956,208,23608,0,431,191649
342,Imperial,County,193,24944,5,568,1597,190765,240,27196,143,23751,15,446,191649
343,Imperial,County,67,25011,10,578,219,190984,68,27264,277,24028,2,448,191649
344,Imperial,County,67,25078,8,586,492,191476,50,27314,205,24233,5,453,191649
345,Imperial,County,160,25238,9,595,1302,192778,270,27584,185,24418,0,453,191649
346,Imperial,County,114,25352,4,599,1740,194518,127,27711,148,24566,4,457,191649
347,Imperial,County,87,25439,5,604,1236,195754,154,27865,151,24717,6,463,191649
348,Imperial,County,124,25563,5,609,1803,197557,140,28005,165,24882,-16,447,191649
349,Imperial,County,106,25669,5,614,1110,198667,144,28149,62,24944,-1,446,191649
350,Imperial,County,34,25703,2,616,250,198917,22,28171,196,25140,5,451,191649
351,Imperial,County,33,25736,5,621,118,199035,24,28195,113,25253,0,451,191649
352,Imperial,County,70,25806,5,626,1313,200348,83,28278,64,25317,1,452,191649
353,Imperial,County,68,25874,6,632,1623,201971,89,28367,16,25333,0,452,191649
354,Imperial,County,79,25953,3,635,1095,203066,92,28459,47,25380,9,461,191649
355,Imperial,County,68,26021,5,640,1694,204760,85,28544,129,25509,2,463,191649
356,Imperial,County,90,26111,7,647,1030,205790,105,28649,53,25562,11,474,191649
357,Imperial,County,35,26146,4,651,126,205916,28,28677,19,25581,13,487,191649
358,Imperial,County,31,26177,8,659,442,206358,15,28692,126,25707,1,488,191649
359,Imperial,County,94,26271,4,663,1187,207545,125,28817,38,25745,3,491,191649
360,Imperial,County,50,26321,6,669,1720,209265,57,28874,67,25812,7,498,191649
361,Imperial,County,70,26391,5,674,1232,210497,104,28978,49,25861,6,504,191649
362,Imperial,County,54,26445,1,675,1512,212009,67,29045,123,25984,13,517,191649
363,Imperial,County,44,26489,5,680,423,212432,64,29109,61,26045,4,521,191649
364,Imperial,County,15,26504,1,681,250,212682,24,29133,115,26160,9,530,191649
365,Imperial,County,21,26525,1,682,726,213408,12,29145,46,26206,0,530,191649
366,Imperial,County,71,26596,3,685,1506,214914,93,29238,18,26224,0,530,191649
367,Imperial,County,43,26639,6,691,1312,216226,66,29304,93,26317,5,535,191649
368,Imperial,County,51,26690,5,696,1074,217300,73,29377,46,26363,12,547,191649
369,Imperial,County,34,26724,2,698,903,218203,55,29432,48,26411,9,556,191649
370,Imperial,County,46,26770,2,700,699,218902,70,29502,63,26474,1,557,191649
371,Imperial,County,19,26789,0,700,139,219041,21,29523,40,26514,10,567,191649
372,Imperial,County,10,26799,0,700,416,219457,9,29532,4,26518,0,567,191649
373,Imperial,County,26,26825,3,703,1230,220687,39,29571,8,26526,0,567,191649
374,Imperial,County,19,26844,1,704,1741,222428,40,29611,-17,26509,1,568,191649
375,Imperial,County,28,26872,1,705,1230,223658,26,29637,13,26522,10,578,191649
376,Imperial,County,40,26912,1,706,1015,224673,53,29690,23,26545,0,578,191649
377,Imperial,County,23,26935,2,708,284,224957,21,29711,101,26646,7,585,191649
378,Imperial,County,9,26944,1,709,198,225155,6,29717,34,26680,-5,580,191649
379,Imperial,County,7,26951,0,709,85,225240,3,29720,16,26696,0,580,191649
380,Imperial,County,8,26959,1,710,1168,226408,21,29741,4,26700,0,580,191649
381,Imperial,County,18,26977,2,712,1796,228204,19,29760,11,26711,0,580,191649
382,Imperial,County,13,26990,2,714,908,229112,14,29774,15,26726,0,580,191649
383,Imperial,County,15,27005,2,716,801,229913,21,29795,5,26731,11,591,191649
384,Imperial,County,26,27031,1,717,437,230350,39,29834,20,26751,-2,589,191649
385,Imperial,County,5,27036,0,717,111,230461,10,29844,20,26771,1,590,191649
386,Imperial,County,8,27044,0,717,422,230883,6,29850,8,26779,0,590,191649
387,Imperial,County,19,27063,2,719,959,231842,25,29875,-1,26778,0,590,191649
388,Imperial,County,23,27086,1,720,1847,233689,24,29899,38,26816,1,591,191649
389,Imperial,County,20,27106,0,720,1377,235066,30,29929,27,26843,5,596,191649
390,Imperial,County,15,27121,2,722,1129,236195,23,29952,12,26855,32,628,191649
391,Imperial,County,6,27127,1,723,526,236721,22,29974,33,26888,3,631,191649
392,Imperial,County,8,27135,0,723,267,236988,10,29984,15,26903,2,633,191649
393,Imperial,County,8,27143,0,723,706,237694,1,29985,6,26909,3,636,191649
394,Imperial,County,26,27169,0,723,1393,239087,26,30011,4,26913,0,636,191649
395,Imperial,County,10,27179,0,723,1289,240376,24,30035,13,26926,1,637,191649
396,Imperial,County,10,27189,0,723,1153,241529,16,30051,13,26939,3,640,191649
397,Imperial,County,18,27207,0,723,780,242309,26,30077,7,26946,6,646,191649
398,Imperial,County,11,27218,1,724,334,242643,8,30085,24,26970,5,651,191649
399,Imperial,County,10,27228,0,724,93,242736,6,30091,39,27009,7,658,191649
400,Imperial,County,4,27232,0,724,470,243206,4,30095,10,27019,0,658,191649
401,Imperial,County,9,27241,0,724,1125,244331,17,30112,14,27033,5,663,191649
402,Imperial,County,7,27248,0,724,1778,246109,10,30122,12,27045,12,675,191649
403,Imperial,County,9,27257,0,724,817,246926,15,30137,6,27051,0,675,191649
404,Imperial,County,15,27272,1,725,1004,247930,23,30160,-6,27045,0,675,191649
405,Imperial,County,7,27279,0,725,992,248922,8,30168,26,27071,2,677,191649
406,Imperial,County,11,27290,0,725,291,249213,10,30178,28,27099,0,677,191649
407,Imperial,County,5,27295,0,725,82,249295,1,30179,23,27122,8,685,191649
408,Imperial,County,18,27313,0,725,1819,251114,29,30208,0,27122,-1,684,191649
409,Imperial,County,21,27334,1,726,1210,252324,30,30238,21,27143,5,689,191649
410,Imperial,County,11,27345,0,726,760,253084,26,30264,25,27168,2,691,191649
411,Imperial,County,17,27362,0,726,710,253794,18,30282,22,27190,4,695,191649
412,Imperial,County,16,27378,1,727,640,254434,17,30299,28,27218,0,695,191649
413,Imperial,County,11,27389,0,727,95,254529,10,30309,21,27239,0,695,191649
414,Imperial,County,6,27395,1,728,110,254639,8,30317,28,27267,4,699,191649
415,Imperial,County,17,27412,0,728,1135,255774,34,30351,35,27302,0,699,191649
416,Imperial,County,15,27427,0,728,1121,256895,10,30361,18,27320,0,699,191649
417,Imperial,County,8,27435,1,729,1083,257978,22,30383,5,27325,0,699,191649
418,Imperial,County,9,27444,1,730,783,258761,16,30399,27,27352,0,699,191649
419,Imperial,County,16,27460,0,730,713,259474,27,30426,22,27374,2,701,191649
420,Imperial,County,24,27484,0,730,140,259614,22,30448,32,27406,3,704,191649
421,Imperial,County,12,27496,0,730,120,259734,7,30455,20,27426,0,704,191649
422,Imperial,County,27,27523,0,730,2008,261742,46,30501,16,27442,0,704,191649
423,Imperial,County,20,27543,0,730,1405,263147,22,30523,29,27471,2,706,191649
424,Imperial,County,29,27572,2,732,383,263530,29,30552,35,27506,4,710,191649
425,Imperial,County,20,27592,0,732,785,264315,21,30573,14,27520,0,710,191649
243,Inyo,County,0,196,0,15,41,4980,0,189,2,191,0,14,18453
244,Inyo,County,0,196,0,15,34,5014,1,190,0,191,0,14,18453
245,Inyo,County,2,198,0,15,17,5031,0,190,3,194,0,14,18453
246,Inyo,County,0,198,0,15,7,5038,0,190,1,195,0,14,18453
247,Inyo,County,3,201,0,15,113,5151,1,191,2,197,0,14,18453
248,Inyo,County,0,201,0,15,37,5188,0,191,1,198,0,14,18453
249,Inyo,County,2,203,0,15,44,5232,0,191,1,199,0,14,18453
250,Inyo,County,0,203,0,15,35,5267,1,192,0,199,0,14,18453
251,Inyo,County,3,206,0,15,40,5307,0,192,1,200,0,14,18453
252,Inyo,County,3,209,0,15,13,5320,0,192,1,201,0,14,18453
253,Inyo,County,3,212,0,15,9,5329,0,192,0,201,0,14,18453
254,Inyo,County,4,216,0,15,68,5397,1,193,0,201,0,14,18453
255,Inyo,County,3,219,0,15,30,5427,2,195,6,207,0,14,18453
256,Inyo,County,3,222,0,15,41,5468,1,196,2,209,0,14,18453
257,Inyo,County,1,223,0,15,34,5502,2,198,1,210,0,14,18453
258,Inyo,County,0,223,0,15,35,5537,0,198,2,212,0,14,18453
259,Inyo,County,4,227,0,15,24,5561,6,204,0,212,0,14,18453
260,Inyo,County,5,232,0,15,5,5566,1,205,3,215,0,14,18453
261,Inyo,County,3,235,0,15,42,5608,0,205,3,218,0,14,18453
262,Inyo,County,1,236,0,15,31,5639,1,206,0,218,0,14,18453
263,Inyo,County,0,236,0,15,57,5696,2,208,2,220,0,14,18453
264,Inyo,County,4,240,0,15,89,5785,5,213,0,220,0,14,18453
265,Inyo,County,3,243,0,15,63,5848,3,216,6,226,0,14,18453
266,Inyo,County,1,244,1,16,28,5876,2,218,0,226,0,14,18453
267,Inyo,County,0,244,0,16,5,5881,0,218,0,226,0,14,18453
268,Inyo,County,3,247,0,16,70,5951,1,219,0,226,0,14,18453
269,Inyo,County,0,247,0,16,54,6005,1,220,5,231,0,14,18453
270,Inyo,County,0,247,0,16,82,6087,3,223,7,238,0,14,18453
271,Inyo,County,0,247,0,16,61,6148,1,224,0,238,0,14,18453
272,Inyo,County,2,249,0,16,40,6188,1,225,3,241,0,14,18453
273,Inyo,County,1,250,0,16,10,6198,1,226,0,241,0,14,18453
274,Inyo,County,1,251,0,16,33,6231,1,227,0,241,0,14,18453
275,Inyo,County,2,253,0,16,69,6300,3,230,2,243,0,14,18453
276,Inyo,County,3,256,0,16,98,6398,2,232,1,244,0,14,18453
277,Inyo,County,1,257,0,16,62,6460,2,234,3,247,0,14,18453
278,Inyo,County,1,258,0,16,66,6526,0,234,0,247,0,14,18453
279,Inyo,County,0,258,0,16,51,6577,2,236,-1,246,0,14,18453
280,Inyo,County,2,260,0,16,11,6588,1,237,6,252,0,14,18453
281,Inyo,County,2,262,0,16,24,6612,2,239,0,252,0,14,18453
282,Inyo,County,4,266,0,16,82,6694,3,242,0,252,0,14,18453
283,Inyo,County,0,266,0,16,69,6763,1,243,0,252,0,14,18453
284,Inyo,County,1,267,0,16,66,6829,1,244,3,255,1,15,18453
285,Inyo,County,2,269,0,16,65,6894,2,246,0,255,0,15,18453
286,Inyo,County,1,270,0,16,53,6947,2,248,7,262,0,15,18453
287,Inyo,County,1,271,0,16,19,6966,0,248,1,263,0,15,18453
288,Inyo,County,1,272,0,16,33,6999,1,249,0,263,0,15,18453
289,Inyo,County,10,282,0,16,73,7072,6,255,0,263,0,15,18453
290,Inyo,County,3,285,0,16,79,7151,4,259,0,263,0,15,18453
291,Inyo,County,1,286,0,16,83,7234,1,260,-1,262,0,15,18453
292,Inyo,County,2,288,0,16,60,7294,1,261,0,262,0,15,18453
293,Inyo,County,2,290,0,16,34,7328,2,263,0,262,0,15,18453
294,Inyo,County,2,292,0,16,26,7354,1,264,21,283,0,15,18453
295,Inyo,County,2,294,0,16,39,7393,3,267,-4,279,0,15,18453
296,Inyo,County,7,301,0,16,95,7488,5,272,0,279,0,15,18453
297,Inyo,County,7,308,0,16,42,7530,2,274,3,282,0,15,18453
298,Inyo,County,1,309,0,16,38,7568,5,279,7,289,0,15,18453
299,Inyo,County,2,311,0,16,4,7572,0,279,0,289,0,15,18453
300,Inyo,County,1,312,0,16,49,7621,2,281,0,289,0,15,18453
301,Inyo,County,6,318,0,16,15,7636,0,281,0,289,0,15,18453
302,Inyo,County,8,326,0,16,46,7682,3,284,0,289,0,15,18453
303,Inyo,County,15,341,0,16,83,7765,11,295,15,304,0,15,18453
304,Inyo,County,5,346,0,16,154,7919,9,304,0,304,0,15,18453
305,Inyo,County,7,353,0,16,87,8006,7,311,10,314,0,15,18453
306,Inyo,County,7,360,0,16,88,8094,4,315,7,321,0,15,18453
307,Inyo,County,3,363,0,16,51,8145,1,316,3,324,0,15,18453
308,Inyo,County,8,371,0,16,46,8191,4,320,8,332,0,15,18453
309,Inyo,County,5,376,0,16,62,8253,2,322,1,333,0,15,18453
310,Inyo,County,13,389,0,16,157,8410,10,332,0,333,0,15,18453
311,Inyo,County,15,404,1,17,183,8593,12,344,0,333,0,15,18453
312,Inyo,County,23,427,1,18,82,8675,14,358,23,356,0,15,18453
313,Inyo,County,13,440,0,18,118,8793,14,372,9,365,0,15,18453
314,Inyo,County,21,461,0,18,82,8875,7,379,7,372,1,16,18453
315,Inyo,County,12,473,1,19,17,8892,4,383,8,380,0,16,18453
316,Inyo,County,4,477,1,20,57,8949,4,387,0,380,0,16,18453
317,Inyo,County,21,498,0,20,170,9119,14,401,2,382,0,16,18453
318,Inyo,County,14,512,0,20,179,9298,4,405,12,394,0,16,18453
319,Inyo,County,13,525,0,20,104,9402,9,414,50,444,0,16,18453
320,Inyo,County,13,538,0,20,114,9516,18,432,6,450,0,16,18453
321,Inyo,County,18,556,0,20,81,9597,11,443,4,454,1,17,18453
322,Inyo,County,20,576,0,20,26,9623,11,454,21,475,0,17,18453
323,Inyo,County,7,583,1,21,76,9699,7,461,1,476,0,17,18453
324,Inyo,County,14,597,1,22,162,9861,12,473,6,482,0,17,18453
325,Inyo,County,21,618,1,23,138,9999,12,485,24,506,0,17,18453
326,Inyo,County,21,639,0,23,60,10059,11,496,11,517,0,17,18453
327,Inyo,County,12,651,0,23,40,10099,8,504,15,532,0,17,18453
328,Inyo,County,2,653,0,23,4,10103,1,505,14,546,1,18,18453
329,Inyo,County,9,662,0,23,40,10143,13,518,8,554,0,18,18453
330,Inyo,County,13,675,0,23,45,10188,8,526,11,565,0,18,18453
331,Inyo,County,22,697,2,25,128,10316,15,541,4,569,1,19,18453
332,Inyo,County,7,704,0,25,137,10453,6,547,2,571,0,19,18453
333,Inyo,County,17,721,1,26,67,10520,4,551,1,572,1,20,18453
334,Inyo,County,7,728,0,26,47,10567,4,555,19,591,0,20,18453
335,Inyo,County,8,736,1,27,5,10572,2,557,15,606,0,20,18453
336,Inyo,County,24,760,0,27,51,10623,19,576,3,609,0,20,18453
337,Inyo,County,13,773,0,27,57,10680,12,588,6,615,0,20,18453
338,Inyo,County,17,790,0,27,152,10832,11,599,8,623,0,20,18453
339,Inyo,County,27,817,0,27,220,11052,23,622,4,627,0,20,18453
340,Inyo,County,14,831,0,27,79,11131,11,633,3,630,0,20,18453
341,Inyo,County,16,847,1,28,99,11230,18,651,26,656,0,20,18453
342,Inyo,County,13,860,1,29,55,11285,14,665,26,682,4,24,18453
343,Inyo,County,14,874,0,29,19,11304,6,671,52,734,1,25,18453
344,Inyo,County,10,884,0,29,59,11363,10,681,14,748,0,25,18453
345,Inyo,County,28,912,0,29,99,11462,20,701,15,763,0,25,18453
346,Inyo,County,18,930,0,29,235,11697,18,719,10,773,0,25,18453
347,Inyo,County,17,947,0,29,79,11776,17,736,12,785,0,25,18453
348,Inyo,County,12,959,1,30,113,11889,16,752,5,790,0,25,18453
349,Inyo,County,7,966,0,30,88,11977,12,764,24,814,0,25,18453
350,Inyo,County,18,984,0,30,28,12005,11,775,31,845,0,25,18453
351,Inyo,County,4,988,0,30,9,12014,1,776,19,864,1,26,18453
352,Inyo,County,6,994,0,30,107,12121,9,785,8,872,0,26,18453
353,Inyo,County,12,1006,0,30,248,12369,17,802,19,891,0,26,18453
354,Inyo,County,7,1013,0,30,76,12445,7,809,10,901,0,26,18453
355,Inyo,County,10,1023,0,30,104,12549,6,815,45,946,0,26,18453
356,Inyo,County,9,1032,0,30,75,12624,11,826,15,961,0,26,18453
357,Inyo,County,11,1043,0,30,37,12661,6,832,26,987,1,27,18453
358,Inyo,County,9,1052,0,30,43,12704,5,837,20,1007,0,27,18453
359,Inyo,County,16,1068,1,31,145,12849,17,854,8,1015,0,27,18453
360,Inyo,County,6,1074,1,32,157,13006,4,858,3,1018,0,27,18453
361,Inyo,County,7,1081,1,33,50,13056,5,863,5,1023,0,27,18453
362,Inyo,County,4,1085,1,34,97,13153,1,864,16,1039,0,27,18453
363,Inyo,County,5,1090,0,34,53,13206,4,868,9,1048,0,27,18453
364,Inyo,County,12,1102,1,35,29,13235,10,878,20,1068,0,27,18453
365,Inyo,County,4,1106,0,35,45,13280,6,884,4,1072,0,27,18453
366,Inyo,County,13,1119,0,35,126,13406,20,904,0,1072,0,27,18453
367,Inyo,County,10,1129,0,35,183,13589,10,914,2,1074,0,27,18453
368,Inyo,County,3,1132,0,35,66,13655,7,921,-3,1071,0,27,18453
369,Inyo,County,10,1142,0,35,131,13786,8,929,13,1084,0,27,18453
370,Inyo,County,12,1154,0,35,57,13843,4,933,20,1104,0,27,18453
371,Inyo,County,4,1158,0,35,27,13870,1,934,9,1113,0,27,18453
372,Inyo,County,3,1161,0,35,19,13889,2,936,11,1124,0,27,18453
373,Inyo,County,11,1172,0,35,124,14013,15,951,2,1126,3,30,18453
374,Inyo,County,13,1185,0,35,192,14205,5,956,11,1137,0,30,18453
375,Inyo,County,8,1193,0,35,64,14269,7,963,1,1138,0,30,18453
376,Inyo,County,12,1205,0,35,65,14334,15,978,6,1144,2,32,18453
377,Inyo,County,9,1214,1,36,69,14403,14,992,12,1156,0,32,18453
378,Inyo,County,6,1220,0,36,41,14444,6,998,12,1168,0,32,18453
379,Inyo,County,4,1224,1,37,8,14452,0,998,9,1177,0,32,18453
380,Inyo,County,6,1230,0,37,77,14529,2,1000,7,1184,0,32,18453
381,Inyo,County,19,1249,0,37,202,14731,19,1019,7,1191,0,32,18453
382,Inyo,County,8,1257,0,37,68,14799,13,1032,6,1197,0,32,18453
383,Inyo,County,8,1265,0,37,58,14857,7,1039,16,1213,0,32,18453
384,Inyo,County,4,1269,0,37,62,14919,4,1043,-1,1212,0,32,18453
385,Inyo,County,5,1274,0,37,25,14944,5,1048,14,1226,0,32,18453
386,Inyo,County,4,1278,0,37,21,14965,0,1048,6,1232,0,32,18453
387,Inyo,County,6,1284,0,37,120,15085,7,1055,16,1248,0,32,18453
388,Inyo,County,5,1289,0,37,149,15234,13,1068,2,1250,0,32,18453
389,Inyo,County,4,1293,0,37,63,15297,6,1074,3,1253,0,32,18453
390,Inyo,County,5,1298,0,37,113,15410,4,1078,11,1264,1,33,18453
391,Inyo,County,6,1304,0,37,55,15465,4,1082,7,1271,1,34,18453
392,Inyo,County,2,1306,0,37,18,15483,4,1086,4,1275,1,35,18453
393,Inyo,County,3,1309,0,37,3,15486,0,1086,7,1282,0,35,18453
394,Inyo,County,5,1314,0,37,111,15597,8,1094,3,1285,0,35,18453
395,Inyo,County,3,1317,0,37,127,15724,4,1098,7,1292,0,35,18453
396,Inyo,County,4,1321,0,37,68,15792,8,1106,2,1294,0,35,18453
397,Inyo,County,8,1329,0,37,104,15896,6,1112,6,1300,0,35,18453
398,Inyo,County,3,1332,0,37,42,15938,4,1116,9,1309,0,35,18453
399,Inyo,County,4,1336,0,37,6,15944,2,1118,3,1312,0,35,18453
400,Inyo,County,3,1339,0,37,5,15949,1,1119,8,1320,0,35,18453
401,Inyo,County,3,1342,0,37,124,16073,8,1127,0,1320,0,35,18453
402,Inyo,County,2,1344,0,37,138,16211,1,1128,4,1324,0,35,18453
403,Inyo,County,2,1346,0,37,39,16250,2,1130,4,1328,0,35,18453
404,Inyo,County,0,1346,0,37,69,16319,3,1133,7,1335,0,35,18453
405,Inyo,County,5,1351,0,37,95,16414,8,1141,4,1339,0,35,18453
406,Inyo,County,2,1353,0,37,23,16437,0,1141,5,1344,0,35,18453
407,Inyo,County,1,1354,0,37,8,16445,0,1141,2,1346,0,35,18453
408,Inyo,County,4,1358,0,37,155,16600,5,1146,0,1346,0,35,18453
409,Inyo,County,0,1358,0,37,128,16728,5,1151,0,1346,0,35,18453
410,Inyo,County,1,1359,0,37,41,16769,1,1152,5,1351,0,35,18453
411,Inyo,County,2,1361,0,37,109,16878,1,1153,3,1354,0,35,18453
412,Inyo,County,3,1364,1,38,43,16921,2,1155,2,1356,0,35,18453
413,Inyo,County,2,1366,0,38,12,16933,0,1155,6,1362,0,35,18453
414,Inyo,County,0,1366,0,38,19,16952,0,1155,1,1363,0,35,18453
415,Inyo,County,0,1366,0,38,153,17105,2,1157,0,1363,0,35,18453
416,Inyo,County,3,1369,0,38,107,17212,2,1159,1,1364,0,35,18453
417,Inyo,County,2,1371,0,38,49,17261,1,1160,4,1368,0,35,18453
418,Inyo,County,0,1371,0,38,90,17351,2,1162,1,1369,0,35,18453
419,Inyo,County,0,1371,0,38,48,17399,1,1163,0,1369,0,35,18453
420,Inyo,County,1,1372,0,38,20,17419,0,1163,3,1372,0,35,18453
421,Inyo,County,2,1374,0,38,10,17429,2,1165,0,1372,0,35,18453
422,Inyo,County,1,1375,0,38,105,17534,2,1167,0,1372,0,35,18453
423,Inyo,County,0,1375,0,38,52,17586,1,1168,2,1374,0,35,18453
424,Inyo,County,0,1375,0,38,29,17615,0,1168,-1,1373,0,35,18453
425,Inyo,County,3,1378,0,38,35,17650,1,1169,1,1374,1,36,18453
243,Kern,County,75,32422,1,412,1972,302635,81,36357,77,31678,1,399,927251
244,Kern,County,63,32485,1,413,2081,304716,79,36436,112,31790,0,399,927251
245,Kern,County,52,32537,3,416,726,305442,64,36500,74,31864,4,403,927251
246,Kern,County,51,32588,3,419,834,306276,45,36545,42,31906,1,404,927251
247,Kern,County,74,32662,2,421,2900,309176,85,36630,27,31933,0,404,927251
248,Kern,County,80,32742,2,423,2956,312132,86,36716,73,32006,3,407,927251
249,Kern,County,77,32819,2,425,2451,314583,88,36804,62,32068,3,410,927251
250,Kern,County,73,32892,0,425,2166,316749,101,36905,101,32169,1,411,927251
251,Kern,County,58,32950,2,427,1993,318742,74,36979,68,32237,6,417,927251
252,Kern,County,43,32993,0,427,684,319426,41,37020,101,32338,1,418,927251
253,Kern,County,37,33030,0,427,703,320129,33,37053,61,32399,0,418,927251
254,Kern,County,87,33117,0,427,2522,322651,65,37118,26,32425,1,419,927251
255,Kern,County,93,33210,3,430,2593,325244,82,37200,72,32497,0,419,927251
256,Kern,County,74,33284,0,430,2614,327858,95,37295,31,32528,6,425,927251
257,Kern,County,74,33358,0,430,2380,330238,84,37379,65,32593,2,427,927251
258,Kern,County,80,33438,0,430,2137,332375,81,37460,67,32660,1,428,927251
259,Kern,County,43,33481,0,430,689,333064,48,37508,50,32710,0,428,927251
260,Kern,County,51,33532,2,432,590,333654,29,37537,89,32799,0,428,927251
261,Kern,County,73,33605,0,432,2628,336282,89,37626,41,32840,0,428,927251
262,Kern,County,75,33680,1,433,2801,339083,98,37724,49,32889,1,429,927251
263,Kern,County,75,33755,1,434,2793,341876,78,37802,67,32956,1,430,927251
264,Kern,County,74,33829,3,437,2703,344579,89,37891,35,32991,1,431,927251
265,Kern,County,81,33910,2,439,2508,347087,95,37986,86,33077,0,431,927251
266,Kern,County,68,33978,0,439,893,347980,72,38058,28,33105,1,432,927251
267,Kern,County,58,34036,1,440,775,348755,54,38112,80,33185,0,432,927251
268,Kern,County,107,34143,0,440,3078,351833,128,38240,48,33233,0,432,927251
269,Kern,County,84,34227,1,441,3068,354901,97,38337,95,33328,4,436,927251
270,Kern,County,117,34344,0,441,2927,357828,129,38466,96,33424,0,436,927251
271,Kern,County,102,34446,0,441,2798,360626,133,38599,36,33460,1,437,927251
272,Kern,County,102,34548,0,441,2179,362805,88,38687,123,33583,0,437,927251
273,Kern,County,93,34641,2,443,841,363646,76,38763,83,33666,0,437,927251
274,Kern,County,103,34744,1,444,1845,365491,81,38844,94,33760,0,437,927251
275,Kern,County,180,34924,0,444,3503,368994,174,39018,74,33834,0,437,927251
276,Kern,County,157,35081,0,444,3125,372119,174,39192,123,33957,2,439,927251
277,Kern,County,190,35271,2,446,2949,375068,195,39387,70,34027,0,439,927251
278,Kern,County,154,35425,1,447,2368,377436,157,39544,205,34232,4,443,927251
279,Kern,County,200,35625,3,450,2636,380072,195,39739,128,34360,0,443,927251
280,Kern,County,163,35788,1,451,972,381044,132,39871,153,34513,5,448,927251
281,Kern,County,154,35942,1,452,1405,382449,120,39991,131,34644,0,448,927251
282,Kern,County,218,36160,2,454,3486,385935,227,40218,120,34764,0,448,927251
283,Kern,County,228,36388,0,454,3134,389069,213,40431,94,34858,0,448,927251
284,Kern,County,277,36665,1,455,3465,392534,303,40734,156,35014,1,449,927251
285,Kern,County,273,36938,1,456,3816,396350,312,41046,193,35207,2,451,927251
286,Kern,County,264,37202,0,456,3147,399497,275,41321,224,35431,2,453,927251
287,Kern,County,201,37403,1,457,1120,400617,175,41496,195,35626,1,454,927251
288,Kern,County,210,37613,0,457,1596,402213,152,41648,285,35911,1,455,927251
289,Kern,County,403,38016,2,459,4652,406865,420,42068,138,36049,0,455,927251
290,Kern,County,392,38408,2,461,5086,411951,460,42528,115,36164,0,455,927251
291,Kern,County,450,38858,3,464,4652,416603,532,43060,373,36537,1,456,927251
292,Kern,County,386,39244,3,467,5443,422046,515,43575,242,36779,3,459,927251
293,Kern,County,419,39663,5,472,3924,425970,427,44002,364,37143,3,462,927251
294,Kern,County,292,39955,2,474,2033,428003,273,44275,260,37403,1,463,927251
295,Kern,County,250,40205,1,475,2423,430426,267,44542,501,37904,0,463,927251
296,Kern,County,577,40782,1,476,6003,436429,598,45140,341,38245,0,463,927251
297,Kern,County,511,41293,2,478,4763,441192,559,45699,306,38551,2,465,927251
298,Kern,County,471,41764,1,479,3964,445156,531,46230,327,38878,2,467,927251
299,Kern,County,156,41920,0,479,632,445788,107,46337,245,39123,4,471,927251
300,Kern,County,438,42358,1,480,2541,448329,444,46781,584,39707,2,473,927251
301,Kern,County,418,42776,3,483,2493,450822,476,47257,548,40255,0,473,927251
302,Kern,County,361,43137,1,484,2863,453685,372,47629,341,40596,0,473,927251
303,Kern,County,757,43894,2,486,6415,460100,821,48450,345,40941,0,473,927251
304,Kern,County,756,44650,4,490,5535,465635,789,49239,404,41345,5,478,927251
305,Kern,County,799,45449,7,497,6184,471819,935,50174,315,41660,1,479,927251
306,Kern,County,890,46339,5,502,6209,478028,1043,51217,402,42062,4,483,927251
307,Kern,County,841,47180,1,503,6197,484225,927,52144,435,42497,2,485,927251
308,Kern,County,548,47728,1,504,2859,487084,535,52679,835,43332,-1,484,927251
309,Kern,County,459,48187,5,509,3003,490087,456,53135,567,43899,2,486,927251
310,Kern,County,983,49170,5,514,8379,498466,1142,54277,510,44409,0,486,927251
311,Kern,County,1019,50189,4,518,7487,505953,1186,55463,707,45116,1,487,927251
312,Kern,County,1291,51480,4,522,7251,513204,1403,56866,1263,46379,7,494,927251
313,Kern,County,1155,52635,5,527,7476,520680,1295,58161,797,47176,5,499,927251
314,Kern,County,979,53614,5,532,5238,525918,1040,59201,488,47664,3,502,927251
315,Kern,County,673,54287,6,538,2951,528869,731,59932,530,48194,5,507,927251
316,Kern,County,515,54802,9,547,3150,532019,576,60508,857,49051,3,510,927251
317,Kern,County,1021,55823,5,552,7112,539131,1129,61637,1487,50538,0,510,927251
318,Kern,County,1032,56855,10,562,6549,545680,1176,62813,1464,52002,1,511,927251
319,Kern,County,1012,57867,4,566,6892,552572,1280,64093,894,52896,11,522,927251
320,Kern,County,872,58739,6,572,6406,558978,1077,65170,787,53683,4,526,927251
321,Kern,County,949,59688,15,587,4553,563531,1066,66236,537,54220,7,533,927251
322,Kern,County,657,60345,12,599,2898,566429,752,66988,898,55118,7,540,927251
323,Kern,County,481,60826,7,606,3186,569615,527,67515,865,55983,0,540,927251
324,Kern,County,1097,61923,12,618,6969,576584,1248,68763,853,56836,1,541,927251
325,Kern,County,889,62812,15,633,5662,582246,1104,69867,980,57816,6,547,927251
326,Kern,County,944,63756,10,643,5584,587830,1108,70975,840,58656,2,549,927251
327,Kern,County,512,64268,7,650,2830,590660,551,71526,945,59601,7,556,927251
328,Kern,County,287,64555,12,662,596,591256,149,71675,816,60417,6,562,927251
329,Kern,County,723,65278,3,665,2567,593823,788,72463,757,61174,2,564,927251
330,Kern,County,663,65941,4,669,3023,596846,677,73140,740,61914,4,568,927251
331,Kern,County,1271,67212,8,677,7209,604055,1369,74509,478,62392,11,579,927251
332,Kern,County,1061,68273,10,687,5938,609993,1251,75760,704,63096,10,589,927251
333,Kern,County,1159,69432,15,702,6291,616284,1359,77119,196,63292,15,604,927251
334,Kern,County,721,70153,11,713,3222,619506,809,77928,1612,64904,5,609,927251
335,Kern,County,465,70618,17,730,833,620339,234,78162,667,65571,0,609,927251
336,Kern,County,823,71441,8,738,2871,623210,862,79024,886,66457,1,610,927251
337,Kern,County,716,72157,8,746,3348,626558,728,79752,438,66895,-1,609,927251
338,Kern,County,1252,73409,9,755,7050,633608,1273,81025,523,67418,14,623,927251
339,Kern,County,1075,74484,8,763,5956,639564,1289,82314,839,68257,1,624,927251
340,Kern,County,1071,75555,10,773,5971,645535,1344,83658,1636,69893,22,646,927251
341,Kern,County,940,76495,12,785,5896,651431,1112,84770,1060,70953,14,660,927251
342,Kern,County,854,77349,15,800,4695,656126,1008,85778,1025,71978,14,674,927251
343,Kern,County,560,77909,8,808,2704,658830,662,86440,1037,73015,3,677,927251
344,Kern,County,458,78367,13,821,2746,661576,497,86937,697,73712,2,679,927251
345,Kern,County,824,79191,17,838,6608,668184,994,87931,777,74489,3,682,927251
346,Kern,County,852,80043,8,846,6509,674693,1050,88981,831,75320,7,689,927251
347,Kern,County,701,80744,14,860,6042,680735,899,89880,729,76049,15,704,927251
348,Kern,County,664,81408,9,869,5394,686129,821,90701,1021,77070,1,705,927251
349,Kern,County,665,82073,11,880,3916,690045,788,91489,803,77873,14,719,927251
350,Kern,County,409,82482,13,893,2354,692399,522,92011,992,78865,14,733,927251
351,Kern,County,363,82845,13,906,1833,694232,381,92392,624,79489,5,738,927251
352,Kern,County,548,83393,14,920,6034,700266,620,93012,441,79930,2,740,927251
353,Kern,County,639,84032,15,935,6322,706588,809,93821,342,80272,2,742,927251
354,Kern,County,587,84619,11,946,5758,712346,722,94543,429,80701,12,754,927251
355,Kern,County,450,85069,11,957,4904,717250,563,95106,627,81328,15,769,927251
356,Kern,County,412,85481,9,966,3411,720661,476,95582,773,82101,2,771,927251
357,Kern,County,296,85777,16,982,1755,722416,340,95922,501,82602,12,783,927251
358,Kern,County,242,86019,11,993,1776,724192,261,96183,523,83125,2,785,927251
359,Kern,County,439,86458,8,1001,5448,729640,499,96682,276,83401,2,787,927251
360,Kern,County,392,86850,12,1013,5056,734696,476,97158,467,83868,3,790,927251
361,Kern,County,425,87275,11,1024,4695,739391,508,97666,376,84244,19,809,927251
362,Kern,County,312,87587,9,1033,4108,743499,426,98092,464,84708,8,817,927251
363,Kern,County,327,87914,6,1039,3158,746657,425,98517,336,85044,19,836,927251
364,Kern,County,225,88139,18,1057,1647,748304,251,98768,528,85572,12,848,927251
365,Kern,County,201,88340,8,1065,2213,750517,200,98968,300,85872,13,861,927251
366,Kern,County,494,88834,9,1074,6079,756596,542,99510,298,86170,1,862,927251
367,Kern,County,395,89229,7,1081,4713,761309,474,99984,315,86485,5,867,927251
368,Kern,County,301,89530,9,1090,4615,765924,410,100394,286,86771,10,877,927251
369,Kern,County,242,89772,10,1100,3917,769841,335,100729,385,87156,21,898,927251
370,Kern,County,272,90044,6,1106,3246,773087,344,101073,314,87470,8,906,927251
371,Kern,County,169,90213,7,1113,1408,774495,196,101269,449,87919,6,912,927251
372,Kern,County,151,90364,5,1118,1762,776257,159,101428,227,88146,8,920,927251
373,Kern,County,245,90609,6,1124,4842,781099,323,101751,234,88380,0,920,927251
374,Kern,County,215,90824,7,1131,4635,785734,270,102021,304,88684,0,920,927251
375,Kern,County,247,91071,7,1138,4025,789759,279,102300,249,88933,6,926,927251
376,Kern,County,204,91275,7,1145,3979,793738,262,102562,291,89224,15,941,927251
377,Kern,County,187,91462,3,1148,2730,796468,235,102797,308,89532,8,949,927251
378,Kern,County,110,91572,4,1152,1341,797809,141,102938,383,89915,8,957,927251
379,Kern,County,89,91661,4,1156,981,798790,103,103041,123,90038,2,959,927251
380,Kern,County,158,91819,3,1159,4307,803097,171,103212,143,90181,0,959,927251
381,Kern,County,144,91963,7,1166,4577,807674,175,103387,86,90267,0,959,927251
382,Kern,County,132,92095,5,1171,3895,811569,153,103540,187,90454,3,962,927251
383,Kern,County,119,92214,8,1179,3608,815177,142,103682,201,90655,-1,961,927251
384,Kern,County,157,92371,2,1181,2829,818006,209,103891,152,90807,2,963,927251
385,Kern,County,69,92440,5,1186,1141,819147,116,104007,218,91025,5,968,927251
386,Kern,County,71,92511,3,1189,1579,820726,76,104083,116,91141,12,980,927251
387,Kern,County,125,92636,3,1192,4824,825550,145,104228,60,91201,2,982,927251
388,Kern,County,115,92751,4,1196,4570,830120,160,104388,189,91390,0,982,927251
389,Kern,County,137,92888,5,1201,4913,835033,191,104579,135,91525,10,992,927251
390,Kern,County,133,93021,4,1205,3444,838477,166,104745,210,91735,0,992,927251
391,Kern,County,115,93136,3,1208,2663,841140,146,104891,149,91884,5,997,927251
392,Kern,County,79,93215,7,1215,1205,842345,86,104977,169,92053,-1,996,927251
393,Kern,County,60,93275,6,1221,2015,844360,58,105035,116,92169,16,1012,927251
394,Kern,County,114,93389,2,1223,5692,850052,148,105183,50,92219,29,1041,927251
395,Kern,County,87,93476,4,1227,4204,854256,124,105307,94,92313,5,1046,927251
396,Kern,County,105,93581,4,1231,3678,857934,131,105438,121,92434,17,1063,927251
397,Kern,County,74,93655,5,1236,3123,861057,103,105541,91,92525,7,1070,927251
398,Kern,County,87,93742,4,1240,2425,863482,100,105641,76,92601,6,1076,927251
399,Kern,County,38,93780,2,1242,883,864365,45,105686,83,92684,6,1082,927251
400,Kern,County,46,93826,3,1245,1563,865928,45,105731,62,92746,4,1086,927251
401,Kern,County,86,93912,3,1248,4676,870604,108,105839,111,92857,1,1087,927251
402,Kern,County,67,93979,2,1250,4395,874999,92,105931,67,92924,1,1088,927251
403,Kern,County,79,94058,0,1250,4540,879539,97,106028,41,92965,14,1102,927251
404,Kern,County,66,94124,3,1253,3204,882743,79,106107,87,93052,19,1121,927251
405,Kern,County,55,94179,3,1256,2104,884847,69,106176,90,93142,11,1132,927251
406,Kern,County,35,94214,5,1261,876,885723,49,106225,55,93197,8,1140,927251
407,Kern,County,39,94253,1,1262,689,886412,46,106271,55,93252,1,1141,927251
408,Kern,County,81,94334,0,1262,5144,891556,108,106379,14,93266,0,1141,927251
409,Kern,County,60,94394,3,1265,4623,896179,100,106479,74,93340,3,1144,927251
410,Kern,County,65,94459,5,1270,3872,900051,79,106558,52,93392,5,1149,927251
411,Kern,County,56,94515,2,1272,3220,903271,70,106628,66,93458,9,1158,927251
412,Kern,County,57,94572,2,1274,2905,906176,69,106697,76,93534,-6,1152,927251
413,Kern,County,33,94605,5,1279,785,906961,29,106726,72,93606,3,1155,927251
414,Kern,County,29,94634,1,1280,769,907730,34,106760,43,93649,15,1170,927251
415,Kern,County,64,94698,1,1281,5715,913445,88,106848,26,93675,8,1178,927251
416,Kern,County,70,94768,1,1282,5371,918816,96,106944,53,93728,13,1191,927251
417,Kern,County,107,94875,0,1282,5264,924080,133,107077,72,93800,7,1198,927251
418,Kern,County,48,94923,1,1283,3717,927797,73,107150,57,93857,8,1206,927251
419,Kern,County,32,94955,2,1285,2551,930348,40,107190,92,93949,5,1211,927251
420,Kern,County,26,94981,4,1289,663,931011,24,107214,92,94041,6,1217,927251
421,Kern,County,18,94999,1,1290,895,931906,20,107234,43,94084,2,1219,927251
422,Kern,County,43,95042,3,1293,4589,936495,76,107310,14,94098,1,1220,927251
423,Kern,County,48,95090,0,1293,4038,940533,60,107370,53,94151,1,1221,927251
424,Kern,County,41,95131,2,1295,2066,942599,58,107428,54,94205,8,1229,927251
425,Kern,County,41,95172,1,1296,2707,945306,43,107471,39,94244,4,1233,927251
243,Kings,County,29,8047,0,81,872,90367,30,9116,3,7688,0,79,156444
244,Kings,County,11,8058,0,81,811,91178,15,9131,28,7716,0,79,156444
245,Kings,County,9,8067,0,81,244,91422,9,9140,171,7887,1,80,156444
246,Kings,County,4,8071,0,81,345,91767,4,9144,32,7919,0,80,156444
247,Kings,County,15,8086,0,81,1290,93057,15,9159,13,7932,0,80,156444
248,Kings,County,97,8183,0,81,1175,94232,103,9262,11,7943,1,81,156444
249,Kings,County,16,8199,0,81,777,95009,16,9278,5,7948,-1,80,156444
250,Kings,County,15,8214,0,81,1104,96113,20,9298,20,7968,0,80,156444
251,Kings,County,6,8220,0,81,791,96904,8,9306,25,7993,0,80,156444
252,Kings,County,7,8227,0,81,223,97127,7,9313,85,8078,0,80,156444
253,Kings,County,4,8231,0,81,149,97276,2,9315,16,8094,0,80,156444
254,Kings,County,17,8248,0,81,1184,98460,15,9330,12,8106,0,80,156444
255,Kings,County,6,8254,1,82,1096,99556,19,9349,5,8111,0,80,156444
256,Kings,County,9,8263,0,82,778,100334,8,9357,7,8118,0,80,156444
257,Kings,County,17,8280,0,82,766,101100,18,9375,16,8134,0,80,156444
258,Kings,County,15,8295,0,82,549,101649,15,9390,12,8146,0,80,156444
259,Kings,County,9,8304,0,82,130,101779,7,9397,5,8151,0,80,156444
260,Kings,County,6,8310,0,82,93,101872,4,9401,8,8159,0,80,156444
261,Kings,County,15,8325,0,82,1176,103048,17,9418,14,8173,0,80,156444
262,Kings,County,18,8343,0,82,831,103879,18,9436,5,8178,0,80,156444
263,Kings,County,18,8361,0,82,794,104673,15,9451,8,8186,0,80,156444
264,Kings,County,27,8388,0,82,960,105633,26,9477,15,8201,2,82,156444
265,Kings,County,251,8639,0,82,1775,107408,253,9730,17,8218,0,82,156444
266,Kings,County,9,8648,0,82,174,107582,8,9738,10,8228,0,82,156444
267,Kings,County,10,8658,0,82,245,107827,3,9741,18,8246,0,82,156444
268,Kings,County,33,8691,0,82,1091,108918,37,9778,18,8264,0,82,156444
269,Kings,County,22,8713,0,82,1280,110198,28,9806,147,8411,1,83,156444
270,Kings,County,31,8744,0,82,1111,111309,34,9840,75,8486,-1,82,156444
271,Kings,County,22,8766,0,82,1119,112428,30,9870,16,8502,0,82,156444
272,Kings,County,154,8920,1,83,1514,113942,162,10032,62,8564,0,82,156444
273,Kings,County,10,8930,0,83,147,114089,8,10040,48,8612,0,82,156444
274,Kings,County,21,8951,0,83,568,114657,12,10052,29,8641,0,82,156444
275,Kings,County,38,8989,0,83,1270,115927,45,10097,13,8654,0,82,156444
276,Kings,County,30,9019,1,84,1146,117073,28,10125,129,8783,1,83,156444
277,Kings,County,163,9182,0,84,3726,120799,163,10288,34,8817,0,83,156444
278,Kings,County,34,9216,2,86,879,121678,36,10324,29,8846,0,83,156444
279,Kings,County,155,9371,0,86,1249,122927,147,10471,37,8883,0,83,156444
280,Kings,County,23,9394,0,86,325,123252,20,10491,122,9005,1,84,156444
281,Kings,County,33,9427,0,86,925,124177,26,10517,21,9026,0,84,156444
282,Kings,County,133,9560,0,86,1953,126130,132,10649,115,9141,0,84,156444
283,Kings,County,70,9630,0,86,2261,128391,70,10719,95,9236,1,85,156444
284,Kings,County,47,9677,0,86,877,129268,30,10749,27,9263,0,85,156444
285,Kings,County,106,9783,0,86,2069,131337,124,10873,72,9335,0,85,156444
286,Kings,County,66,9849,0,86,1316,132653,62,10935,93,9428,0,85,156444
287,Kings,County,59,9908,0,86,381,133034,49,10984,62,9490,0,85,156444
288,Kings,County,35,9943,0,86,926,133960,20,11004,43,9533,0,85,156444
289,Kings,County,193,10136,0,86,2233,136193,211,11215,36,9569,0,85,156444
290,Kings,County,266,10402,0,86,2624,138817,256,11471,84,9653,0,85,156444
291,Kings,County,73,10475,0,86,1661,140478,84,11555,43,9696,0,85,156444
292,Kings,County,148,10623,0,86,4046,144524,162,11717,67,9763,0,85,156444
293,Kings,County,147,10770,0,86,1452,145976,171,11888,140,9903,0,85,156444
294,Kings,County,47,10817,0,86,529,146505,53,11941,116,10019,0,85,156444
295,Kings,County,48,10865,1,87,1247,147752,61,12002,16,10035,0,85,156444
296,Kings,County,101,10966,0,87,2473,150225,112,12114,169,10204,0,85,156444
297,Kings,County,419,11385,0,87,2910,153135,443,12557,134,10338,0,85,156444
298,Kings,County,267,11652,0,87,1750,154885,370,12927,79,10417,0,85,156444
299,Kings,County,35,11687,2,89,89,154974,19,12946,58,10475,0,85,156444
300,Kings,County,55,11742,0,89,231,155205,38,12984,192,10667,0,85,156444
301,Kings,County,86,11828,0,89,496,155701,87,13071,403,11070,0,85,156444
302,Kings,County,64,11892,1,90,873,156574,45,13116,177,11247,0,85,156444
303,Kings,County,148,12040,1,91,2433,159007,189,13305,99,11346,0,85,156444
304,Kings,County,146,12186,2,93,4594,163601,169,13474,69,11415,1,86,156444
305,Kings,County,313,12499,1,94,2170,165771,324,13798,116,11531,0,86,156444
306,Kings,County,353,12852,1,95,1880,167651,386,14184,127,11658,1,87,156444
307,Kings,County,99,12951,3,98,857,168508,95,14279,109,11767,1,88,156444
308,Kings,County,93,13044,0,98,618,169126,88,14367,131,11898,2,90,156444
309,Kings,County,79,13123,2,100,1070,170196,90,14457,158,12056,0,90,156444
310,Kings,County,269,13392,1,101,2652,172848,354,14811,356,12412,0,90,156444
311,Kings,County,140,13532,4,105,4407,177255,159,14970,211,12623,0,90,156444
312,Kings,County,152,13684,0,105,2648,179903,170,15140,93,12716,2,92,156444
313,Kings,County,145,13829,0,105,1557,181460,160,15300,277,12993,0,92,156444
314,Kings,County,151,13980,0,105,958,182418,134,15434,125,13118,2,94,156444
315,Kings,County,143,14123,1,106,913,183331,143,15577,87,13205,2,96,156444
316,Kings,County,87,14210,1,107,1006,184337,87,15664,152,13357,1,97,156444
317,Kings,County,277,14487,0,107,2285,186622,318,15982,134,13491,0,97,156444
318,Kings,County,183,14670,0,107,3747,190369,198,16180,161,13652,0,97,156444
319,Kings,County,164,14834,2,109,2115,192484,228,16408,82,13734,2,99,156444
320,Kings,County,179,15013,0,109,2253,194737,243,16651,323,14057,-1,98,156444
321,Kings,County,99,15112,2,111,996,195733,131,16782,227,14284,0,98,156444
322,Kings,County,126,15238,2,113,945,196678,158,16940,190,14474,2,100,156444
323,Kings,County,79,15317,2,115,1020,197698,77,17017,155,14629,0,100,156444
324,Kings,County,218,15535,3,118,2060,199758,263,17280,131,14760,0,100,156444
325,Kings,County,249,15784,3,121,4435,204193,275,17555,95,14855,2,102,156444
326,Kings,County,139,15923,0,121,1986,206179,191,17746,68,14923,3,105,156444
327,Kings,County,78,16001,3,124,564,206743,69,17815,288,15211,3,108,156444
328,Kings,County,40,16041,2,126,81,206824,14,17829,249,15460,0,108,156444
329,Kings,County,110,16151,2,128,627,207451,125,17954,57,15517,0,108,156444
330,Kings,County,118,16269,2,130,1034,208485,121,18075,76,15593,0,108,156444
331,Kings,County,236,16505,0,130,2735,211220,323,18398,140,15733,0,108,156444
332,Kings,County,216,16721,2,132,3364,214584,256,18654,44,15777,0,108,156444
333,Kings,County,169,16890,1,133,1726,216310,223,18877,85,15862,0,108,156444
334,Kings,County,119,17009,0,133,726,217036,117,18994,215,16077,0,108,156444
335,Kings,County,75,17084,0,133,103,217139,39,19033,281,16358,0,108,156444
336,Kings,County,183,17267,4,137,782,217921,230,19263,157,16515,0,108,156444
337,Kings,County,92,17359,2,139,1056,218977,136,19399,78,16593,0,108,156444
338,Kings,County,267,17626,1,140,2950,221927,295,19694,208,16801,0,108,156444
339,Kings,County,271,17897,5,145,3828,225755,309,20003,59,16860,0,108,156444
340,Kings,County,198,18095,2,147,1758,227513,231,20234,159,17019,0,108,156444
341,Kings,County,194,18289,1,148,1273,228786,206,20440,219,17238,0,108,156444
342,Kings,County,128,18417,2,150,857,229643,142,20582,203,17441,0,108,156444
343,Kings,County,128,18545,3,153,712,230355,157,20739,238,17679,0,108,156444
344,Kings,County,95,18640,4,157,1060,231415,114,20853,133,17812,0,108,156444
345,Kings,County,218,18858,2,159,2370,233785,268,21121,97,17909,0,108,156444
346,Kings,County,264,19122,1,160,4243,238028,311,21432,163,18072,0,108,156444
347,Kings,County,208,19330,2,162,1803,239831,250,21682,49,18121,0,108,156444
348,Kings,County,165,19495,1,163,1224,241055,208,21890,284,18405,0,108,156444
349,Kings,County,129,19624,0,163,821,241876,150,22040,256,18661,23,131,156444
350,Kings,County,107,19731,2,165,717,242593,176,22216,411,19072,0,131,156444
351,Kings,County,56,19787,0,165,308,242901,68,22284,129,19201,0,131,156444
352,Kings,County,136,19923,4,169,1903,244804,176,22460,66,19267,10,141,156444
353,Kings,County,168,20091,3,172,3807,248611,217,22677,108,19375,2,143,156444
354,Kings,County,139,20230,1,173,2354,250965,171,22848,147,19522,3,146,156444
355,Kings,County,89,20319,3,176,1545,252510,137,22985,111,19633,12,158,156444
356,Kings,County,70,20389,3,179,809,253319,106,23091,127,19760,1,159,156444
357,Kings,County,76,20465,2,181,458,253777,103,23194,144,19904,0,159,156444
358,Kings,County,44,20509,1,182,945,254722,81,23275,84,19988,0,159,156444
359,Kings,County,126,20635,3,185,2658,257380,166,23441,79,20067,0,159,156444
360,Kings,County,120,20755,1,186,3498,260878,154,23595,89,20156,0,159,156444
361,Kings,County,58,20813,3,189,1419,262297,56,23651,55,20211,8,167,156444
362,Kings,County,106,20919,2,191,1103,263400,137,23788,117,20328,0,167,156444
363,Kings,County,59,20978,3,194,657,264057,59,23847,138,20466,2,169,156444
364,Kings,County,39,21017,4,198,320,264377,55,23902,139,20605,0,169,156444
365,Kings,County,70,21087,2,200,916,265293,76,23978,104,20709,3,172,156444
366,Kings,County,83,21170,0,200,2619,267912,99,24077,37,20746,0,172,156444
367,Kings,County,90,21260,1,201,3489,271401,107,24184,39,20785,0,172,156444
368,Kings,County,77,21337,2,203,1708,273109,117,24301,46,20831,0,172,156444
369,Kings,County,59,21396,0,203,1005,274114,67,24368,87,20918,15,187,156444
370,Kings,County,50,21446,3,206,652,274766,51,24419,103,21021,3,190,156444
371,Kings,County,37,21483,2,208,363,275129,51,24470,135,21156,0,190,156444
372,Kings,County,30,21513,2,210,677,275806,28,24498,24,21180,2,192,156444
373,Kings,County,60,21573,2,212,2692,278498,84,24582,52,21232,3,195,156444
374,Kings,County,62,21635,2,214,3286,281784,87,24669,43,21275,1,196,156444
375,Kings,County,41,21676,0,214,1966,283750,64,24733,19,21294,1,197,156444
376,Kings,County,42,21718,1,215,841,284591,45,24778,79,21373,5,202,156444
377,Kings,County,30,21748,2,217,495,285086,29,24807,89,21462,0,202,156444
378,Kings,County,31,21779,0,217,344,285430,48,24855,51,21513,3,205,156444
379,Kings,County,15,21794,2,219,190,285620,19,24874,25,21538,0,205,156444
380,Kings,County,26,21820,1,220,1580,287200,24,24898,36,21574,0,205,156444
381,Kings,County,45,21865,1,221,1418,288618,66,24964,9,21583,1,206,156444
382,Kings,County,46,21911,2,223,1443,290061,68,25032,34,21617,5,211,156444
383,Kings,County,37,21948,1,224,934,290995,46,25078,31,21648,0,211,156444
384,Kings,County,21,21969,2,226,595,291590,32,25110,76,21724,0,211,156444
385,Kings,County,14,21983,1,227,312,291902,17,25127,49,21773,1,212,156444
386,Kings,County,18,22001,0,227,869,292771,17,25144,11,21784,1,213,156444
387,Kings,County,34,22035,0,227,1592,294363,46,25190,17,21801,1,214,156444
388,Kings,County,21,22056,2,229,1099,295462,43,25233,38,21839,2,216,156444
389,Kings,County,15,22071,3,232,1098,296560,29,25262,32,21871,0,216,156444
390,Kings,County,23,22094,1,233,871,297431,35,25297,29,21900,0,216,156444
391,Kings,County,9,22103,0,233,473,297904,19,25316,17,21917,0,216,156444
392,Kings,County,16,22119,1,234,307,298211,31,25347,38,21955,0,216,156444
393,Kings,County,10,22129,0,234,907,299118,13,25360,12,21967,1,217,156444
394,Kings,County,21,22150,0,234,1488,300606,25,25385,21,21988,0,217,156444
395,Kings,County,17,22167,0,234,2272,302878,25,25410,11,21999,0,217,156444
396,Kings,County,52,22219,1,235,874,303752,57,25467,10,22009,6,223,156444
397,Kings,County,16,22235,0,235,760,304512,22,25489,16,22025,1,224,156444
398,Kings,County,25,22260,0,235,385,304897,22,25511,38,22063,0,224,156444
399,Kings,County,17,22277,2,237,250,305147,35,25546,31,22094,0,224,156444
400,Kings,County,17,22294,0,237,914,306061,17,25563,9,22103,0,224,156444
401,Kings,County,20,22314,0,237,1305,307366,28,25591,27,22130,2,226,156444
402,Kings,County,21,22335,0,237,897,308263,25,25616,13,22143,0,226,156444
403,Kings,County,25,22360,0,237,1018,309281,35,25651,23,22166,0,226,156444
404,Kings,County,19,22379,0,237,696,309977,21,25672,17,22183,4,230,156444
405,Kings,County,15,22394,0,237,392,310369,14,25686,50,22233,2,232,156444
406,Kings,County,19,22413,1,238,284,310653,21,25707,32,22265,0,232,156444
407,Kings,County,16,22429,0,238,157,310810,6,25713,27,22292,0,232,156444
408,Kings,County,18,22447,1,239,1441,312251,30,25743,2,22294,1,233,156444
409,Kings,County,17,22464,0,239,1180,313431,22,25765,26,22320,0,233,156444
410,Kings,County,36,22500,0,239,1208,314639,56,25821,16,22336,0,233,156444
411,Kings,County,16,22516,1,240,679,315318,20,25841,18,22354,2,235,156444
412,Kings,County,7,22523,0,240,491,315809,9,25850,15,22369,0,235,156444
413,Kings,County,9,22532,1,241,252,316061,15,25865,46,22415,1,236,156444
414,Kings,County,5,22537,0,241,211,316272,12,25877,7,22422,0,236,156444
415,Kings,County,17,22554,1,242,1474,317746,26,25903,11,22433,0,236,156444
416,Kings,County,13,22567,1,243,2582,320328,25,25928,6,22439,1,237,156444
417,Kings,County,11,22578,0,243,1077,321405,20,25948,17,22456,0,237,156444
418,Kings,County,15,22593,0,243,732,322137,18,25966,16,22472,0,237,156444
419,Kings,County,11,22604,0,243,486,322623,13,25979,21,22493,2,239,156444
420,Kings,County,8,22612,0,243,206,322829,6,25985,9,22502,-1,238,156444
421,Kings,County,3,22615,0,243,203,323032,8,25993,12,22514,0,238,156444
422,Kings,County,4,22619,1,244,1660,324692,12,26005,8,22522,0,238,156444
423,Kings,County,12,22631,0,244,1220,325912,19,26024,8,22530,0,238,156444
424,Kings,County,4,22635,0,244,392,326304,7,26031,10,22540,1,239,156444
425,Kings,County,3,22638,0,244,803,327107,10,26041,20,22560,0,239,156444
243,Lake,County,6,603,0,10,167,19862,4,741,5,572,1,11,64871
244,Lake,County,6,609,1,11,275,20137,7,748,7,579,-1,10,64871
245,Lake,County,6,615,0,11,46,20183,2,750,9,588,0,10,64871
246,Lake,County,10,625,0,11,32,20215,2,752,1,589,0,10,64871
247,Lake,County,14,639,0,11,332,20547,32,784,3,592,0,10,64871
248,Lake,County,4,643,0,11,222,20769,3,787,4,596,1,11,64871
249,Lake,County,6,649,0,11,206,20975,3,790,3,599,0,11,64871
250,Lake,County,1,650,1,12,202,21177,3,793,5,604,0,11,64871
251,Lake,County,5,655,0,12,233,21410,8,801,6,610,0,11,64871
252,Lake,County,10,665,1,13,40,21450,2,803,20,630,0,11,64871
253,Lake,County,1,666,1,14,34,21484,3,806,1,631,1,12,64871
254,Lake,County,13,679,0,14,207,21691,17,823,2,633,0,12,64871
255,Lake,County,6,685,0,14,282,21973,10,833,6,639,0,12,64871
256,Lake,County,3,688,0,14,160,22133,3,836,3,642,2,14,64871
257,Lake,County,1,689,0,14,211,22344,2,838,0,642,0,14,64871
258,Lake,County,2,691,0,14,186,22530,1,839,2,644,0,14,64871
259,Lake,County,2,693,0,14,33,22563,5,844,19,663,1,15,64871
260,Lake,County,3,696,0,14,60,22623,5,849,7,670,0,15,64871
261,Lake,County,7,703,0,14,269,22892,10,859,3,673,0,15,64871
262,Lake,County,3,706,0,14,202,23094,7,866,2,675,0,15,64871
263,Lake,County,2,708,0,14,183,23277,3,869,1,676,0,15,64871
264,Lake,County,1,709,0,14,230,23507,2,871,2,678,0,15,64871
265,Lake,County,4,713,0,14,156,23663,2,873,11,689,0,15,64871
266,Lake,County,2,715,1,15,45,23708,3,876,7,696,0,15,64871
267,Lake,County,5,720,1,16,34,23742,1,877,-1,695,0,15,64871
268,Lake,County,17,737,0,16,232,23974,21,898,2,697,0,15,64871
269,Lake,County,2,739,1,17,243,24217,6,904,3,700,0,15,64871
270,Lake,County,3,742,1,18,201,24418,1,905,0,700,0,15,64871
271,Lake,County,3,745,0,18,207,24625,2,907,2,702,1,16,64871
272,Lake,County,3,748,0,18,137,24762,7,914,18,720,0,16,64871
273,Lake,County,0,748,0,18,34,24796,0,914,4,724,0,16,64871
274,Lake,County,4,752,0,18,77,24873,2,916,3,727,1,17,64871
275,Lake,County,6,758,0,18,192,25065,5,921,1,728,0,17,64871
276,Lake,County,6,764,0,18,185,25250,6,927,4,732,-1,16,64871
277,Lake,County,10,774,0,18,247,25497,6,933,3,735,0,16,64871
278,Lake,County,7,781,0,18,181,25678,7,940,4,739,0,16,64871
279,Lake,County,4,785,0,18,110,25788,2,942,2,741,0,16,64871
280,Lake,County,1,786,0,18,39,25827,3,945,10,751,0,16,64871
281,Lake,County,4,790,1,19,116,25943,4,949,3,754,0,16,64871
282,Lake,County,8,798,0,19,272,26215,9,958,1,755,0,16,64871
283,Lake,County,9,807,0,19,220,26435,3,961,7,762,0,16,64871
284,Lake,County,10,817,1,20,187,26622,10,971,1,763,1,17,64871
285,Lake,County,10,827,0,20,242,26864,9,980,1,764,0,17,64871
286,Lake,County,9,836,1,21,131,26995,5,985,6,770,0,17,64871
287,Lake,County,6,842,0,21,38,27033,1,986,3,773,0,17,64871
288,Lake,County,9,851,1,22,177,27210,14,1000,4,777,0,17,64871
289,Lake,County,9,860,0,22,323,27533,18,1018,7,784,1,18,64871
290,Lake,County,12,872,0,22,245,27778,13,1031,8,792,0,18,64871
291,Lake,County,20,892,0,22,265,28043,28,1059,10,802,0,18,64871
292,Lake,County,13,905,0,22,344,28387,17,1076,7,809,0,18,64871
293,Lake,County,14,919,0,22,275,28662,3,1079,11,820,0,18,64871
294,Lake,County,9,928,0,22,38,28700,2,1081,12,832,0,18,64871
295,Lake,County,13,941,0,22,85,28785,7,1088,2,834,0,18,64871
296,Lake,County,22,963,0,22,339,29124,23,1111,6,840,0,18,64871
297,Lake,County,23,986,1,23,436,29560,32,1143,32,872,0,18,64871
298,Lake,County,16,1002,0,23,192,29752,16,1159,6,878,0,18,64871
299,Lake,County,17,1019,0,23,46,29798,5,1164,12,890,0,18,64871
300,Lake,County,13,1032,0,23,63,29861,4,1168,19,909,0,18,64871
301,Lake,County,36,1068,0,23,229,30090,28,1196,11,920,0,18,64871
302,Lake,County,15,1083,0,23,124,30214,12,1208,7,927,0,18,64871
303,Lake,County,24,1107,0,23,406,30620,51,1259,12,939,0,18,64871
304,Lake,County,31,1138,0,23,446,31066,37,1296,30,969,1,19,64871
305,Lake,County,18,1156,0,23,298,31364,27,1323,2,971,1,20,64871
306,Lake,County,29,1185,0,23,272,31636,28,1351,20,991,0,20,64871
307,Lake,County,14,1199,0,23,210,31846,22,1373,27,1018,0,20,64871
308,Lake,County,28,1227,0,23,79,31925,21,1394,51,1069,0,20,64871
309,Lake,County,25,1252,0,23,166,32091,20,1414,6,1075,0,20,64871
310,Lake,County,39,1291,0,23,464,32555,44,1458,15,1090,0,20,64871
311,Lake,County,29,1320,1,24,419,32974,31,1489,37,1127,0,20,64871
312,Lake,County,41,1361,0,24,526,33500,40,1529,31,1158,0,20,64871
313,Lake,County,27,1388,0,24,530,34030,31,1560,9,1167,1,21,64871
314,Lake,County,41,1429,0,24,177,34207,23,1583,38,1205,0,21,64871
315,Lake,County,12,1441,0,24,41,34248,6,1589,27,1232,0,21,64871
316,Lake,County,16,1457,0,24,182,34430,11,1600,39,1271,0,21,64871
317,Lake,County,43,1500,1,25,426,34856,51,1651,30,1301,0,21,64871
318,Lake,County,51,1551,0,25,582,35438,65,1716,40,1341,0,21,64871
319,Lake,County,25,1576,0,25,448,35886,55,1771,22,1363,-1,20,64871
320,Lake,County,40,1616,0,25,399,36285,51,1822,11,1374,0,20,64871
321,Lake,County,25,1641,0,25,334,36619,25,1847,23,1397,0,20,64871
322,Lake,County,11,1652,0,25,74,36693,11,1858,41,1438,0,20,64871
323,Lake,County,34,1686,0,25,253,36946,40,1898,25,1463,0,20,64871
324,Lake,County,46,1732,1,26,627,37573,63,1961,75,1538,0,20,64871
325,Lake,County,54,1786,1,27,525,38098,71,2032,31,1569,0,20,64871
326,Lake,County,24,1810,1,28,335,38433,32,2064,26,1595,0,20,64871
327,Lake,County,14,1824,0,28,67,38500,14,2078,34,1629,0,20,64871
328,Lake,County,15,1839,0,28,39,38539,5,2083,40,1669,0,20,64871
329,Lake,County,20,1859,1,29,91,38630,11,2094,41,1710,2,22,64871
330,Lake,County,43,1902,0,29,246,38876,38,2132,59,1769,0,22,64871
331,Lake,County,54,1956,0,29,484,39360,45,2177,16,1785,0,22,64871
332,Lake,County,42,1998,0,29,486,39846,57,2234,20,1805,0,22,64871
333,Lake,County,32,2030,1,30,375,40221,63,2297,-74,1731,1,23,64871
334,Lake,County,23,2053,1,31,141,40362,24,2321,117,1848,0,23,64871
335,Lake,County,12,2065,0,31,38,40400,10,2331,40,1888,1,24,64871
336,Lake,County,30,2095,1,32,113,40513,20,2351,37,1925,0,24,64871
337,Lake,County,36,2131,1,33,217,40730,44,2395,51,1976,0,24,64871
338,Lake,County,53,2184,0,33,549,41279,66,2461,8,1984,1,25,64871
339,Lake,County,42,2226,0,33,519,41798,43,2504,31,2015,0,25,64871
340,Lake,County,48,2274,1,34,356,42154,52,2556,18,2033,1,26,64871
341,Lake,County,38,2312,0,34,449,42603,40,2596,21,2054,0,26,64871
342,Lake,County,55,2367,2,36,430,43033,71,2667,44,2098,0,26,64871
343,Lake,County,27,2394,1,37,137,43170,30,2697,46,2144,0,26,64871
344,Lake,County,34,2428,1,38,83,43253,9,2706,30,2174,0,26,64871
345,Lake,County,51,2479,3,41,639,43892,74,2780,31,2205,0,26,64871
346,Lake,County,50,2529,1,42,571,44463,66,2846,55,2260,1,27,64871
347,Lake,County,48,2577,0,42,448,44911,59,2905,45,2305,0,27,64871
348,Lake,County,45,2622,0,42,491,45402,63,2968,73,2378,0,27,64871
349,Lake,County,42,2664,1,43,385,45787,48,3016,56,2434,1,28,64871
350,Lake,County,28,2692,0,43,170,45957,28,3044,70,2504,2,30,64871
351,Lake,County,9,2701,1,44,79,46036,5,3049,68,2572,0,30,64871
352,Lake,County,18,2719,1,45,395,46431,20,3069,19,2591,0,30,64871
353,Lake,County,18,2737,0,45,458,46889,32,3101,34,2625,1,31,64871
354,Lake,County,14,2751,0,45,283,47172,20,3121,21,2646,0,31,64871
355,Lake,County,23,2774,0,45,366,47538,30,3151,23,2669,1,32,64871
356,Lake,County,16,2790,0,45,389,47927,21,3172,12,2681,0,32,64871
357,Lake,County,12,2802,2,47,99,48026,13,3185,-8,2673,0,32,64871
358,Lake,County,8,2810,0,47,81,48107,6,3191,51,2724,0,32,64871
359,Lake,County,18,2828,0,47,401,48508,25,3216,5,2729,0,32,64871
360,Lake,County,19,2847,0,47,427,48935,28,3244,19,2748,0,32,64871
361,Lake,County,9,2856,1,48,200,49135,14,3258,2,2750,0,32,64871
362,Lake,County,20,2876,0,48,230,49365,19,3277,22,2772,0,32,64871
363,Lake,County,15,2891,0,48,322,49687,19,3296,20,2792,0,32,64871
364,Lake,County,9,2900,0,48,128,49815,12,3308,17,2809,1,33,64871
365,Lake,County,6,2906,1,49,67,49882,9,3317,17,2826,0,33,64871
366,Lake,County,21,2927,0,49,412,50294,19,3336,17,2843,0,33,64871
367,Lake,County,16,2943,0,49,368,50662,26,3362,14,2857,0,33,64871
368,Lake,County,20,2963,0,49,218,50880,13,3375,12,2869,0,33,64871
369,Lake,County,17,2980,1,50,312,51192,18,3393,13,2882,1,34,64871
370,Lake,County,12,2992,0,50,335,51527,29,3422,24,2906,-1,33,64871
371,Lake,County,12,3004,0,50,82,51609,6,3428,14,2920,1,34,64871
372,Lake,County,5,3009,0,50,51,51660,2,3430,20,2940,2,36,64871
373,Lake,County,16,3025,0,50,495,52155,18,3448,9,2949,0,36,64871
374,Lake,County,19,3044,0,50,370,52525,35,3483,6,2955,0,36,64871
375,Lake,County,11,3055,0,50,210,52735,10,3493,20,2975,0,36,64871
376,Lake,County,13,3068,0,50,377,53112,21,3514,27,3002,0,36,64871
377,Lake,County,10,3078,0,50,240,53352,12,3526,10,3012,0,36,64871
378,Lake,County,4,3082,0,50,60,53412,9,3535,13,3025,1,37,64871
379,Lake,County,6,3088,1,51,43,53455,4,3539,5,3030,1,38,64871
380,Lake,County,9,3097,2,53,355,53810,13,3552,0,3030,0,38,64871
381,Lake,County,14,3111,0,53,298,54108,14,3566,11,3041,0,38,64871
382,Lake,County,9,3120,0,53,276,54384,12,3578,16,3057,0,38,64871
383,Lake,County,11,3131,0,53,223,54607,17,3595,9,3066,2,40,64871
384,Lake,County,8,3139,0,53,264,54871,12,3607,12,3078,0,40,64871
385,Lake,County,6,3145,0,53,84,54955,4,3611,11,3089,0,40,64871
386,Lake,County,7,3152,0,53,49,55004,14,3625,11,3100,0,40,64871
387,Lake,County,8,3160,1,54,346,55350,18,3643,7,3107,0,40,64871
388,Lake,County,6,3166,0,54,300,55650,14,3657,14,3121,0,40,64871
389,Lake,County,8,3174,0,54,192,55842,15,3672,13,3134,0,40,64871
390,Lake,County,7,3181,0,54,171,56013,10,3682,7,3141,0,40,64871
391,Lake,County,9,3190,0,54,214,56227,12,3694,12,3153,0,40,64871
392,Lake,County,5,3195,1,55,70,56297,4,3698,3,3156,0,40,64871
393,Lake,County,3,3198,0,55,67,56364,5,3703,8,3164,0,40,64871
394,Lake,County,5,3203,0,55,361,56725,3,3706,0,3164,0,40,64871
395,Lake,County,5,3208,0,55,287,57012,3,3709,5,3169,0,40,64871
396,Lake,County,6,3214,0,55,158,57170,3,3712,6,3175,0,40,64871
397,Lake,County,7,3221,0,55,156,57326,12,3724,6,3181,2,42,64871
398,Lake,County,8,3229,0,55,228,57554,10,3734,4,3185,0,42,64871
399,Lake,County,2,3231,0,55,74,57628,3,3737,4,3189,0,42,64871
400,Lake,County,2,3233,0,55,42,57670,1,3738,3,3192,0,42,64871
401,Lake,County,6,3239,0,55,269,57939,8,3746,3,3195,0,42,64871
402,Lake,County,12,3251,0,55,325,58264,15,3761,7,3202,0,42,64871
403,Lake,County,6,3257,0,55,187,58451,9,3770,5,3207,0,42,64871
404,Lake,County,10,3267,0,55,167,58618,6,3776,7,3214,0,42,64871
405,Lake,County,4,3271,0,55,173,58791,9,3785,12,3226,1,43,64871
406,Lake,County,6,3277,0,55,55,58846,7,3792,8,3234,0,43,64871
407,Lake,County,7,3284,0,55,38,58884,3,3795,3,3237,0,43,64871
408,Lake,County,5,3289,0,55,418,59302,5,3800,0,3237,0,43,64871
409,Lake,County,12,3301,0,55,216,59518,10,3810,9,3246,0,43,64871
410,Lake,County,8,3309,1,56,189,59707,12,3822,5,3251,0,43,64871
411,Lake,County,7,3316,0,56,208,59915,13,3835,9,3260,0,43,64871
412,Lake,County,3,3319,0,56,183,60098,8,3843,2,3262,0,43,64871
413,Lake,County,6,3325,0,56,63,60161,6,3849,18,3280,0,43,64871
414,Lake,County,4,3329,0,56,51,60212,2,3851,6,3286,0,43,64871
415,Lake,County,4,3333,0,56,274,60486,8,3859,4,3290,0,43,64871
416,Lake,County,1,3334,0,56,352,60838,10,3869,4,3294,0,43,64871
417,Lake,County,2,3336,0,56,171,61009,5,3874,13,3307,0,43,64871
418,Lake,County,4,3340,0,56,169,61178,4,3878,5,3312,0,43,64871
419,Lake,County,5,3345,0,56,160,61338,7,3885,2,3314,0,43,64871
420,Lake,County,1,3346,0,56,69,61407,2,3887,3,3317,0,43,64871
421,Lake,County,2,3348,0,56,46,61453,0,3887,3,3320,0,43,64871
422,Lake,County,5,3353,0,56,232,61685,2,3889,5,3325,0,43,64871
423,Lake,County,3,3356,0,56,199,61884,4,3893,5,3330,0,43,64871
424,Lake,County,6,3362,0,56,239,62123,5,3898,2,3332,0,43,64871
425,Lake,County,4,3366,0,56,170,62293,6,3904,5,3337,0,43,64871
243,Lassen,County,3,750,0,0,421,31441,26,988,0,742,0,0,30065
244,Lassen,County,3,753,0,0,226,31667,5,993,0,742,0,0,30065
245,Lassen,County,0,753,0,0,17,31684,0,993,1,743,0,0,30065
246,Lassen,County,0,753,0,0,16,31700,0,993,0,743,0,0,30065
247,Lassen,County,0,753,0,0,109,31809,0,993,0,743,0,0,30065
248,Lassen,County,1,754,0,0,242,32051,3,996,0,743,0,0,30065
249,Lassen,County,0,754,0,0,168,32219,0,996,8,751,0,0,30065
250,Lassen,County,0,754,0,0,725,32944,1,997,0,751,0,0,30065
251,Lassen,County,5,759,1,1,93,33037,5,1002,0,751,0,0,30065
252,Lassen,County,0,759,0,1,9,33046,0,1002,1,752,0,0,30065
253,Lassen,County,0,759,0,1,162,33208,1,1003,0,752,0,0,30065
254,Lassen,County,1,760,0,1,419,33627,0,1003,0,752,0,0,30065
255,Lassen,County,0,760,0,1,414,34041,1,1004,0,752,0,0,30065
256,Lassen,County,2,762,0,1,1046,35087,5,1009,0,752,0,0,30065
257,Lassen,County,2,764,0,1,411,35498,2,1011,0,752,0,0,30065
258,Lassen,County,1,765,0,1,214,35712,2,1013,5,757,0,0,30065
259,Lassen,County,0,765,0,1,17,35729,1,1014,0,757,0,0,30065
260,Lassen,County,0,765,0,1,11,35740,0,1014,0,757,0,0,30065
261,Lassen,County,0,765,0,1,100,35840,0,1014,0,757,0,0,30065
262,Lassen,County,1,766,0,1,220,36060,3,1017,0,757,0,0,30065
263,Lassen,County,1,767,0,1,637,36697,3,1020,7,764,0,0,30065
264,Lassen,County,1,768,0,1,86,36783,1,1021,0,764,0,0,30065
265,Lassen,County,3,771,0,1,98,36881,2,1023,0,764,0,0,30065
266,Lassen,County,1,772,0,1,11,36892,0,1023,0,764,0,0,30065
267,Lassen,County,1,773,0,1,135,37027,1,1024,0,764,0,0,30065
268,Lassen,County,3,776,0,1,412,37439,1,1025,0,764,0,0,30065
269,Lassen,County,3,779,0,1,873,38312,9,1034,0,764,0,0,30065
270,Lassen,County,2,781,0,1,557,38869,4,1038,7,771,0,0,30065
271,Lassen,County,4,785,0,1,447,39316,4,1042,1,772,0,0,30065
272,Lassen,County,1,786,0,1,247,39563,2,1044,5,777,0,0,30065
273,Lassen,County,6,792,0,1,11,39574,1,1045,5,782,0,0,30065
274,Lassen,County,5,797,0,1,27,39601,4,1049,0,782,0,0,30065
275,Lassen,County,0,797,0,1,130,39731,3,1052,0,782,0,0,30065
276,Lassen,County,8,805,0,1,724,40455,8,1060,0,782,0,0,30065
277,Lassen,County,9,814,0,1,112,40567,6,1066,-1,781,0,0,30065
278,Lassen,County,5,819,0,1,141,40708,3,1069,1,782,0,0,30065
279,Lassen,County,31,850,0,1,240,40948,28,1097,12,794,0,0,30065
280,Lassen,County,8,858,0,1,220,41168,17,1114,5,799,0,0,30065
281,Lassen,County,16,874,0,1,411,41579,20,1134,0,799,0,0,30065
282,Lassen,County,148,1022,0,1,617,42196,147,1281,0,799,0,0,30065
283,Lassen,County,96,1118,0,1,951,43147,102,1383,31,830,0,0,30065
284,Lassen,County,15,1133,0,1,1177,44324,24,1407,1,831,0,0,30065
285,Lassen,County,25,1158,0,1,1200,45524,20,1427,1,832,0,0,30065
286,Lassen,County,69,1227,1,2,888,46412,108,1535,0,832,0,0,30065
287,Lassen,County,9,1236,0,2,95,46507,3,1538,1,833,0,0,30065
288,Lassen,County,14,1250,0,2,496,47003,29,1567,291,1124,0,0,30065
289,Lassen,County,47,1297,1,3,422,47425,38,1605,0,1124,0,0,30065
290,Lassen,County,181,1478,1,4,1305,48730,193,1798,0,1124,0,0,30065
291,Lassen,County,79,1557,0,4,1106,49836,89,1887,0,1124,0,0,30065
292,Lassen,County,100,1657,0,4,1235,51071,114,2001,77,1201,0,0,30065
293,Lassen,County,117,1774,0,4,622,51693,116,2117,11,1212,0,0,30065
294,Lassen,County,85,1859,0,4,837,52530,96,2213,-1,1211,0,0,30065
295,Lassen,County,68,1927,0,4,1090,53620,85,2298,0,1211,0,0,30065
296,Lassen,County,165,2092,0,4,1429,55049,186,2484,60,1271,0,0,30065
297,Lassen,County,80,2172,0,4,1262,56311,96,2580,386,1657,0,0,30065
298,Lassen,County,22,2194,0,4,119,56430,12,2592,44,1701,0,0,30065
299,Lassen,County,42,2236,0,4,107,56537,27,2619,13,1714,0,0,30065
300,Lassen,County,15,2251,0,4,46,56583,6,2625,0,1714,0,0,30065
301,Lassen,County,12,2263,0,4,36,56619,4,2629,0,1714,0,0,30065
302,Lassen,County,67,2330,0,4,781,57400,89,2718,79,1793,0,0,30065
303,Lassen,County,103,2433,0,4,722,58122,124,2842,0,1793,0,0,30065
304,Lassen,County,93,2526,0,4,1813,59935,112,2954,254,2047,0,0,30065
305,Lassen,County,166,2692,0,4,1165,61100,175,3129,68,2115,0,0,30065
306,Lassen,County,59,2751,0,4,959,62059,86,3215,13,2128,0,0,30065
307,Lassen,County,40,2791,0,4,333,62392,19,3234,39,2167,0,0,30065
308,Lassen,County,7,2798,1,5,90,62482,2,3236,1,2168,0,0,30065
309,Lassen,County,191,2989,0,5,1100,63582,230,3466,0,2168,0,0,30065
310,Lassen,County,104,3093,0,5,1032,64614,90,3556,-1,2167,0,0,30065
311,Lassen,County,97,3190,0,5,1335,65949,108,3664,-2,2165,0,0,30065
312,Lassen,County,156,3346,0,5,1020,66969,175,3839,166,2331,0,0,30065
313,Lassen,County,69,3415,0,5,413,67382,77,3916,433,2764,0,0,30065
314,Lassen,County,22,3437,0,5,871,68253,12,3928,26,2790,1,1,30065
315,Lassen,County,12,3449,0,5,18,68271,3,3931,76,2866,0,1,30065
316,Lassen,County,22,3471,0,5,833,69104,43,3974,1,2867,0,1,30065
317,Lassen,County,107,3578,0,5,710,69814,110,4084,38,2905,0,1,30065
318,Lassen,County,99,3677,0,5,853,70667,110,4194,473,3378,0,1,30065
319,Lassen,County,172,3849,0,5,1071,71738,196,4390,18,3396,0,1,30065
320,Lassen,County,33,3882,0,5,392,72130,50,4440,21,3417,0,1,30065
321,Lassen,County,36,3918,0,5,701,72831,24,4464,69,3486,0,1,30065
322,Lassen,County,8,3926,0,5,100,72931,3,4467,109,3595,0,1,30065
323,Lassen,County,28,3954,1,6,684,73615,32,4499,74,3669,0,1,30065
324,Lassen,County,54,4008,0,6,1282,74897,82,4581,129,3798,0,1,30065
325,Lassen,County,160,4168,1,7,1301,76198,179,4760,50,3848,0,1,30065
326,Lassen,County,142,4310,1,8,432,76630,151,4911,17,3865,0,1,30065
327,Lassen,County,10,4320,0,8,46,76676,4,4915,29,3894,0,1,30065
328,Lassen,County,13,4333,0,8,14,76690,5,4920,32,3926,0,1,30065
329,Lassen,County,15,4348,1,9,22,76712,3,4923,55,3981,0,1,30065
330,Lassen,County,21,4369,1,10,626,77338,24,4947,249,4230,0,1,30065
331,Lassen,County,77,4446,0,10,1712,79050,110,5057,54,4284,0,1,30065
332,Lassen,County,107,4553,0,10,541,79591,121,5178,4,4288,0,1,30065
333,Lassen,County,15,4568,0,10,365,79956,21,5199,12,4300,0,1,30065
334,Lassen,County,9,4577,1,11,79,80035,5,5204,40,4340,0,1,30065
335,Lassen,County,6,4583,0,11,9,80044,1,5205,37,4377,0,1,30065
336,Lassen,County,6,4589,1,12,112,80156,4,5209,80,4457,0,1,30065
337,Lassen,County,11,4600,0,12,555,80711,18,5227,74,4531,0,1,30065
338,Lassen,County,33,4633,0,12,1196,81907,56,5283,19,4550,0,1,30065
339,Lassen,County,22,4655,0,12,1014,82921,21,5304,4,4554,0,1,30065
340,Lassen,County,14,4669,0,12,417,83338,27,5331,6,4560,0,1,30065
341,Lassen,County,12,4681,0,12,96,83434,9,5340,21,4581,0,1,30065
342,Lassen,County,5,4686,0,12,138,83572,6,5346,17,4598,0,1,30065
343,Lassen,County,8,4694,0,12,80,83652,5,5351,15,4613,0,1,30065
344,Lassen,County,12,4706,0,12,742,84394,13,5364,29,4642,0,1,30065
345,Lassen,County,22,4728,1,13,789,85183,26,5390,5,4647,0,1,30065
346,Lassen,County,23,4751,0,13,1261,86444,33,5423,12,4659,0,1,30065
347,Lassen,County,22,4773,0,13,597,87041,30,5453,4,4663,0,1,30065
348,Lassen,County,7,4780,0,13,381,87422,8,5461,10,4673,0,1,30065
349,Lassen,County,10,4790,0,13,146,87568,8,5469,20,4693,0,1,30065
350,Lassen,County,11,4801,3,16,88,87656,4,5473,26,4719,0,1,30065
351,Lassen,County,10,4811,0,16,395,88051,5,5478,21,4740,0,1,30065
352,Lassen,County,8,4819,0,16,721,88772,12,5490,9,4749,0,1,30065
353,Lassen,County,36,4855,0,16,1200,89972,31,5521,4,4753,0,1,30065
354,Lassen,County,7,4862,0,16,850,90822,23,5544,5,4758,0,1,30065
355,Lassen,County,8,4870,0,16,382,91204,8,5552,5,4763,0,1,30065
356,Lassen,County,6,4876,0,16,255,91459,12,5564,2,4765,0,1,30065
357,Lassen,County,8,4884,0,16,92,91551,7,5571,51,4816,0,1,30065
358,Lassen,County,1,4885,0,16,444,91995,8,5579,12,4828,0,1,30065
359,Lassen,County,11,4896,0,16,986,92981,10,5589,7,4835,0,1,30065
360,Lassen,County,26,4922,0,16,1168,94149,31,5620,9,4844,0,1,30065
361,Lassen,County,6,4928,0,16,382,94531,6,5626,7,4851,0,1,30065
362,Lassen,County,6,4934,0,16,419,94950,5,5631,14,4865,0,1,30065
363,Lassen,County,6,4940,0,16,202,95152,5,5636,9,4874,0,1,30065
364,Lassen,County,3,4943,0,16,94,95246,6,5642,16,4890,0,1,30065
365,Lassen,County,3,4946,0,16,440,95686,7,5649,10,4900,0,1,30065
366,Lassen,County,16,4962,0,16,816,96502,19,5668,7,4907,0,1,30065
367,Lassen,County,20,4982,1,17,889,97391,20,5688,1,4908,0,1,30065
368,Lassen,County,7,4989,0,17,482,97873,23,5711,2,4910,0,1,30065
369,Lassen,County,11,5000,0,17,362,98235,15,5726,17,4927,0,1,30065
370,Lassen,County,3,5003,0,17,161,98396,7,5733,9,4936,0,1,30065
371,Lassen,County,4,5007,0,17,96,98492,2,5735,28,4964,0,1,30065
372,Lassen,County,4,5011,0,17,443,98935,6,5741,9,4973,0,1,30065
373,Lassen,County,11,5022,1,18,808,99743,14,5755,3,4976,0,1,30065
374,Lassen,County,13,5035,0,18,841,100584,13,5768,7,4983,0,1,30065
375,Lassen,County,7,5042,0,18,540,101124,10,5778,10,4993,0,1,30065
376,Lassen,County,4,5046,0,18,236,101360,5,5783,11,5004,0,1,30065
377,Lassen,County,11,5057,0,18,262,101622,10,5793,11,5015,0,1,30065
378,Lassen,County,2,5059,0,18,24,101646,3,5796,13,5028,0,1,30065
379,Lassen,County,3,5062,0,18,166,101812,4,5800,9,5037,0,1,30065
380,Lassen,County,4,5066,0,18,600,102412,5,5805,10,5047,0,1,30065
381,Lassen,County,2,5068,0,18,908,103320,4,5809,0,5047,0,1,30065
382,Lassen,County,12,5080,0,18,709,104029,19,5828,5,5052,0,1,30065
383,Lassen,County,5,5085,0,18,545,104574,4,5832,0,5052,0,1,30065
384,Lassen,County,9,5094,0,18,277,104851,10,5842,5,5057,0,1,30065
385,Lassen,County,1,5095,0,18,15,104866,0,5842,10,5067,0,1,30065
386,Lassen,County,2,5097,0,18,681,105547,5,5847,10,5077,0,1,30065
387,Lassen,County,8,5105,0,18,800,106347,13,5860,11,5088,0,1,30065
388,Lassen,County,0,5105,0,18,706,107053,1,5861,4,5092,0,1,30065
389,Lassen,County,3,5108,0,18,607,107660,5,5866,3,5095,0,1,30065
390,Lassen,County,4,5112,0,18,317,107977,5,5871,2,5097,0,1,30065
391,Lassen,County,1,5113,0,18,113,108090,1,5872,5,5102,0,1,30065
392,Lassen,County,0,5113,0,18,17,108107,0,5872,4,5106,0,1,30065
393,Lassen,County,0,5113,0,18,555,108662,3,5875,0,5106,0,1,30065
394,Lassen,County,1,5114,0,18,700,109362,0,5875,5,5111,0,1,30065
395,Lassen,County,2,5116,0,18,940,110302,1,5876,4,5115,0,1,30065
396,Lassen,County,5,5121,0,18,488,110790,8,5884,0,5115,0,1,30065
397,Lassen,County,0,5121,0,18,411,111201,0,5884,1,5116,0,1,30065
398,Lassen,County,0,5121,0,18,96,111297,1,5885,1,5117,0,1,30065
399,Lassen,County,0,5121,0,18,44,111341,0,5885,2,5119,0,1,30065
400,Lassen,County,0,5121,0,18,857,112198,2,5887,0,5119,0,1,30065
401,Lassen,County,1,5122,0,18,648,112846,3,5890,0,5119,0,1,30065
402,Lassen,County,0,5122,0,18,884,113730,0,5890,1,5120,0,1,30065
403,Lassen,County,0,5122,0,18,229,113959,0,5890,0,5120,0,1,30065
404,Lassen,County,0,5122,0,18,377,114336,0,5890,4,5124,0,1,30065
405,Lassen,County,1,5123,0,18,228,114564,2,5892,1,5125,0,1,30065
406,Lassen,County,0,5123,0,18,50,114614,0,5892,0,5125,0,1,30065
407,Lassen,County,0,5123,0,18,17,114631,0,5892,0,5125,0,1,30065
408,Lassen,County,2,5125,0,18,664,115295,1,5893,0,5125,0,1,30065
409,Lassen,County,0,5125,0,18,1901,117196,3,5896,1,5126,0,1,30065
410,Lassen,County,1,5126,0,18,264,117460,1,5897,-1,5125,0,1,30065
411,Lassen,County,1,5127,0,18,216,117676,2,5899,1,5126,0,1,30065
412,Lassen,County,1,5128,0,18,434,118110,2,5901,0,5126,0,1,30065
413,Lassen,County,0,5128,0,18,33,118143,0,5901,2,5128,0,1,30065
414,Lassen,County,0,5128,0,18,29,118172,0,5901,1,5129,0,1,30065
415,Lassen,County,0,5128,0,18,816,118988,0,5901,0,5129,0,1,30065
416,Lassen,County,2,5130,0,18,1852,120840,7,5908,1,5130,0,1,30065
417,Lassen,County,0,5130,0,18,250,121090,4,5912,0,5130,0,1,30065
418,Lassen,County,2,5132,0,18,302,121392,2,5914,-1,5129,0,1,30065
419,Lassen,County,0,5132,0,18,570,121962,0,5914,2,5131,0,1,30065
420,Lassen,County,1,5133,0,18,72,122034,1,5915,-2,5129,0,1,30065
421,Lassen,County,0,5133,0,18,69,122103,1,5916,2,5131,0,1,30065
422,Lassen,County,0,5133,0,18,782,122885,3,5919,0,5131,0,1,30065
423,Lassen,County,0,5133,0,18,1795,124680,4,5923,1,5132,0,1,30065
424,Lassen,County,0,5133,0,18,61,124741,0,5923,0,5132,0,1,30065
425,Lassen,County,4,5137,0,18,377,125118,2,5925,0,5132,0,1,30065
243,Los Angeles,County,1239,275275,13,6747,43714,5248922,1645,353000,1253,271513,53,6621,10257557
244,Los Angeles,County,1041,276316,11,6758,47922,5296844,1553,354553,-578,270935,-19,6602,10257557
245,Los Angeles,County,902,277218,12,6770,25909,5322753,1119,355672,934,271869,18,6620,10257557
246,Los Angeles,County,705,277923,18,6788,12038,5334791,506,356178,953,272822,5,6625,10257557
247,Los Angeles,County,1383,279306,15,6803,53579,5388370,1870,358048,378,273200,7,6632,10257557
248,Los Angeles,County,1080,280386,17,6820,54312,5442682,1425,359473,915,274115,25,6657,10257557
249,Los Angeles,County,1234,281620,20,6840,56873,5499555,1741,361214,1444,275559,24,6681,10257557
250,Los Angeles,County,1176,282796,22,6862,51059,5550614,1598,362812,1204,276763,18,6699,10257557
251,Los Angeles,County,1197,283993,13,6875,50735,5601349,1719,364531,1276,278039,16,6715,10257557
252,Los Angeles,County,1134,285127,9,6884,26032,5627381,1386,365917,1174,279213,28,6743,10257557
253,Los Angeles,County,720,285847,16,6900,12415,5639796,588,366505,977,280190,2,6745,10257557
254,Los Angeles,County,1437,287284,15,6915,53727,5693523,1939,368444,771,280961,2,6747,10257557
255,Los Angeles,County,1213,288497,20,6935,54288,5747811,1578,370022,755,281716,20,6767,10257557
256,Los Angeles,County,1275,289772,18,6953,58404,5806215,1728,371750,1202,282918,19,6786,10257557
257,Los Angeles,County,1311,291083,14,6967,52526,5858741,1793,373543,1101,284019,21,6807,10257557
258,Los Angeles,County,1277,292360,21,6988,52550,5911291,1835,375378,969,284988,28,6835,10257557
259,Los Angeles,County,1061,293421,12,7000,25360,5936651,1333,376711,870,285858,9,6844,10257557
260,Los Angeles,County,752,294173,9,7009,12388,5949039,696,377407,329,286187,13,6857,10257557
261,Los Angeles,County,1704,295877,17,7026,59329,6008368,2304,379711,932,287119,1,6858,10257557
262,Los Angeles,County,1484,297361,14,7040,57978,6066346,1957,381668,608,287727,33,6891,10257557
263,Los Angeles,County,1488,298849,14,7054,60045,6126391,1972,383640,369,288096,32,6923,10257557
264,Los Angeles,County,1336,300185,14,7068,54575,6180966,1907,385547,3503,291599,12,6935,10257557
265,Los Angeles,County,1373,301558,21,7089,53503,6234469,2129,387676,2688,294287,21,6956,10257557
266,Los Angeles,County,1079,302637,14,7103,27139,6261608,1428,389104,2036,296323,13,6969,10257557
267,Los Angeles,County,817,303454,17,7120,14082,6275690,631,389735,787,297110,4,6973,10257557
268,Los Angeles,County,1571,305025,13,7133,63889,6339579,2185,391920,851,297961,6,6979,10257557
269,Los Angeles,County,1425,306450,18,7151,63362,6402941,1904,393824,1477,299438,29,7008,10257557
270,Los Angeles,County,1380,307830,13,7164,64981,6467922,1770,395594,1288,300726,23,7031,10257557
271,Los Angeles,County,1458,309288,18,7182,60761,6528683,2072,397666,1520,302246,15,7046,10257557
272,Los Angeles,County,1620,310908,9,7191,54432,6583115,2224,399890,1179,303425,14,7060,10257557
273,Los Angeles,County,1433,312341,15,7206,28140,6611255,1680,401570,1279,304704,13,7073,10257557
274,Los Angeles,County,1369,313710,18,7224,14249,6625504,850,402420,1513,306217,4,7077,10257557
275,Los Angeles,County,2560,316270,13,7237,68283,6693787,3012,405432,1403,307620,2,7079,10257557
276,Los Angeles,County,2344,318614,13,7250,64002,6757789,2654,408086,1192,308812,25,7104,10257557
277,Los Angeles,County,2450,321064,12,7262,69000,6826789,3042,411128,1644,310456,20,7124,10257557
278,Los Angeles,County,2301,323365,10,7272,64593,6891382,3073,414201,1925,312381,22,7146,10257557
279,Los Angeles,County,2351,325716,18,7290,64771,6956153,3134,417335,1975,314356,14,7160,10257557
280,Los Angeles,County,1968,327684,13,7303,34526,6990679,2270,419605,2400,316756,14,7174,10257557
281,Los Angeles,County,1501,329185,15,7318,16025,7006704,1019,420624,2204,318960,2,7176,10257557
282,Los Angeles,County,3120,332305,17,7335,74462,7081166,3639,424263,1410,320370,4,7180,10257557
283,Los Angeles,County,3092,335397,17,7352,72832,7153998,3495,427758,2199,322569,25,7205,10257557
284,Los Angeles,County,3245,338642,13,7365,71460,7225458,3711,431469,1998,324567,15,7220,10257557
285,Los Angeles,County,3356,341998,20,7385,75601,7301059,4163,435632,2434,327001,3,7223,10257557
286,Los Angeles,County,3736,345734,22,7407,75929,7376988,4673,440305,2363,329364,25,7248,10257557
287,Los Angeles,County,3119,348853,17,7424,45572,7422560,3646,443951,3657,333021,21,7269,10257557
288,Los Angeles,County,2700,351553,23,7447,23130,7445690,2042,445993,3014,336035,2,7271,10257557
289,Los Angeles,County,5032,356585,26,7473,87543,7533233,5742,451735,2743,338778,6,7277,10257557
290,Los Angeles,County,4727,361312,35,7508,92104,7625337,5686,457421,2155,340933,25,7302,10257557
291,Los Angeles,County,4940,366252,22,7530,94383,7719720,5822,463243,3742,344675,36,7338,10257557
292,Los Angeles,County,4857,371109,36,7566,90127,7809847,5837,469080,4818,349493,27,7365,10257557
293,Los Angeles,County,5009,376118,25,7591,92022,7901869,6236,475316,4061,353554,33,7398,10257557
294,Los Angeles,County,3879,379997,34,7625,59871,7961740,4521,479837,4200,357754,30,7428,10257557
295,Los Angeles,County,3163,383160,37,7662,33949,7995689,2633,482470,2587,360341,10,7438,10257557
296,Los Angeles,County,6270,389430,39,7701,110406,8106095,6715,489185,6033,366374,9,7447,10257557
297,Los Angeles,County,6083,395513,33,7734,111057,8217152,7387,496572,3634,370008,54,7501,10257557
298,Los Angeles,County,6304,401817,38,7772,92336,8309488,7742,504314,3911,373919,44,7545,10257557
299,Los Angeles,County,3019,404836,33,7805,9940,8319428,1289,505603,4421,378340,36,7581,10257557
300,Los Angeles,County,5134,409970,34,7839,39068,8358496,4556,510159,4400,382740,25,7606,10257557
301,Los Angeles,County,6496,416466,46,7885,62924,8421420,8728,518887,3454,386194,19,7625,10257557
302,Los Angeles,County,4907,421373,35,7920,29416,8450836,3697,522584,4968,391162,17,7642,10257557
303,Los Angeles,County,10370,431743,48,7968,123195,8574031,12335,534919,5040,396202,16,7658,10257557
304,Los Angeles,County,10645,442388,53,8021,118429,8692460,12679,547598,7064,403266,46,7704,10257557
305,Los Angeles,County,10339,452727,52,8073,114672,8807132,12645,560243,5023,408289,35,7739,10257557
306,Los Angeles,County,10014,462741,73,8146,117638,8924770,12987,573230,7516,415805,48,7787,10257557
307,Los Angeles,County,10068,472809,60,8206,114787,9039557,12697,585927,8359,424164,58,7845,10257557
308,Los Angeles,County,8586,481395,68,8274,69129,9108686,10063,595990,8956,433120,43,7888,10257557
309,Los Angeles,County,5771,487166,62,8336,31849,9140535,5135,601125,10110,443230,22,7910,10257557
310,Los Angeles,County,13530,500696,87,8423,128137,9268672,15919,617044,7822,451052,27,7937,10257557
311,Los Angeles,County,13620,514316,65,8488,121875,9390547,16502,633546,8686,459738,67,8004,10257557
312,Los Angeles,County,12646,526962,72,8560,115528,9506075,15369,648915,8233,467971,71,8075,10257557
313,Los Angeles,County,13425,540387,96,8656,114295,9620370,16150,665065,12383,480354,74,8149,10257557
314,Los Angeles,County,13911,554298,116,8772,114435,9734805,16497,681562,13238,493592,49,8198,10257557
315,Los Angeles,County,11757,566055,100,8872,73066,9807871,13647,695209,10725,504317,71,8269,10257557
316,Los Angeles,County,6747,572802,119,8991,36441,9844312,6333,701542,13155,517472,25,8294,10257557
317,Los Angeles,County,17528,590330,125,9116,136878,9981190,20013,721555,7196,524668,46,8340,10257557
318,Los Angeles,County,17556,607886,116,9232,129666,10110856,21872,743427,11590,536258,89,8429,10257557
319,Los Angeles,County,16300,624186,136,9368,129829,10240685,20621,764048,21649,557907,132,8561,10257557
320,Los Angeles,County,16460,640646,146,9514,131675,10372360,20820,784868,13186,571093,96,8657,10257557
321,Los Angeles,County,15575,656221,165,9679,126829,10499189,20159,805027,15320,586413,87,8744,10257557
322,Los Angeles,County,12077,668298,163,9842,79799,10578988,15218,820245,13475,599888,60,8804,10257557
323,Los Angeles,County,7037,675335,173,10015,39896,10618884,7028,827273,13087,612975,58,8862,10257557
324,Los Angeles,County,17994,693329,188,10203,144389,10763273,21446,848719,11154,624129,56,8918,10257557
325,Los Angeles,County,18998,712327,182,10385,135242,10898515,22895,871614,11802,635931,95,9013,10257557
326,Los Angeles,County,17184,729511,187,10572,131144,11029659,22699,894313,16027,651958,133,9146,10257557
327,Los Angeles,County,8988,738499,216,10788,52953,11082612,9184,903497,12882,664840,142,9288,10257557
328,Los Angeles,County,4145,742644,202,10990,10283,11092895,2662,906159,760,665600,4,9292,10257557
329,Los Angeles,County,13608,756252,246,11236,73526,11166421,17931,924090,28549,694149,132,9424,10257557
330,Los Angeles,County,8505,764757,260,11496,39702,11206123,8347,932437,13111,707260,52,9476,10257557
331,Los Angeles,County,21400,786157,236,11732,135360,11341483,25136,957573,13439,720699,68,9544,10257557
332,Los Angeles,County,22269,808426,197,11929,137975,11479458,29010,986583,11208,731907,242,9786,10257557
333,Los Angeles,County,20124,828550,242,12171,132199,11611657,26333,1012916,10000,741907,260,10046,10257557
334,Los Angeles,County,10828,839378,277,12448,64577,11676234,11759,1024675,13937,755844,274,10320,10257557
335,Los Angeles,County,5276,844654,277,12725,16037,11692271,3465,1028140,19734,775578,195,10515,10257557
336,Los Angeles,County,14122,858776,255,12980,79330,11771601,18237,1046377,16314,791892,118,10633,10257557
337,Los Angeles,County,8268,867044,278,13258,42111,11813712,8054,1054431,276,792168,0,10633,10257557
338,Los Angeles,County,21905,888949,295,13553,157778,11971490,26910,1081341,20854,813022,157,10790,10257557
339,Los Angeles,County,20023,908972,282,13835,147684,12119174,25963,1107304,10761,823783,238,11028,10257557
340,Los Angeles,County,18670,927642,304,14139,142415,12261589,23858,1131162,11269,835052,257,11285,10257557
341,Los Angeles,County,15889,943531,279,14418,139187,12400776,21356,1152518,18135,853187,195,11480,10257557
342,Los Angeles,County,14858,958389,288,14706,129549,12530325,20917,1173435,18001,871188,316,11796,10257557
343,Los Angeles,County,10757,969146,302,15008,81408,12611733,15202,1188637,16761,887949,215,12011,10257557
344,Los Angeles,County,5525,974671,300,15308,39135,12650868,5990,1194627,13834,901783,159,12170,10257557
345,Los Angeles,County,14533,989204,299,15607,148259,12799127,19418,1214045,12651,914434,134,12304,10257557
346,Los Angeles,County,13152,1002356,291,15898,124570,12923697,17163,1231208,11861,926295,306,12610,10257557
347,Los Angeles,County,11620,1013976,261,16159,123198,13046895,16341,1247549,11690,937985,263,12873,10257557
348,Los Angeles,County,10734,1024710,280,16439,124669,13171564,16176,1263725,16667,954652,274,13147,10257557
349,Los Angeles,County,9977,1034687,300,16739,114379,13285943,15019,1278744,14327,968979,257,13404,10257557
350,Los Angeles,County,7014,1041701,251,16990,63651,13349594,10722,1289466,13705,982684,250,13654,10257557
351,Los Angeles,County,4065,1045766,266,17256,37192,13386786,4946,1294412,10344,993028,87,13741,10257557
352,Los Angeles,County,6598,1052364,250,17506,88164,13474950,8342,1302754,9586,1002614,87,13828,10257557
353,Los Angeles,County,9476,1061840,216,17722,129490,13604440,14318,1317072,7761,1010375,186,14014,10257557
354,Los Angeles,County,8642,1070482,242,17964,116376,13720816,12921,1329993,5233,1015608,285,14299,10257557
355,Los Angeles,County,7469,1077951,218,18182,110987,13831803,11852,1341845,7447,1023055,238,14537,10257557
356,Los Angeles,County,6632,1084583,220,18402,102985,13934788,11178,1353023,8122,1031177,240,14777,10257557
357,Los Angeles,County,4432,1089015,203,18605,47581,13982369,6907,1359930,9784,1040961,257,15034,10257557
358,Los Angeles,County,3198,1092213,166,18771,31807,14014176,4302,1364232,7796,1048757,85,15119,10257557
359,Los Angeles,County,6360,1098573,237,19008,109434,14123610,9486,1373718,6424,1055181,44,15163,10257557
360,Los Angeles,County,5923,1104496,189,19197,98023,14221633,8929,1382647,5311,1060492,295,15458,10257557
361,Los Angeles,County,5246,1109742,166,19363,94042,14315675,8439,1391086,6077,1066569,299,15757,10257557
362,Los Angeles,County,4759,1114501,189,19552,91054,14406729,7408,1398494,5843,1072412,210,15967,10257557
363,Los Angeles,County,3882,1118383,175,19727,79063,14485792,6339,1404833,5917,1078329,223,16190,10257557
364,Los Angeles,County,3464,1121847,183,19910,45642,14531434,6076,1410909,6434,1084763,294,16484,10257557
365,Los Angeles,County,2364,1124211,164,20074,29272,14560706,2982,1413891,5541,1090304,125,16609,10257557
366,Los Angeles,County,4603,1128814,187,20261,105420,14666126,7014,1420905,4037,1094341,86,16695,10257557
367,Los Angeles,County,3806,1132620,153,20414,87519,14753645,5990,1426895,3232,1097573,218,16913,10257557
368,Los Angeles,County,3369,1135989,161,20575,87313,14840958,5711,1432606,4317,1101890,250,17163,10257557
369,Los Angeles,County,3064,1139053,137,20712,86438,14927396,5274,1437880,4433,1106323,233,17396,10257557
370,Los Angeles,County,2787,1141840,164,20876,81929,15009325,5167,1443047,4061,1110384,212,17608,10257557
371,Los Angeles,County,2089,1143929,119,20995,38871,15048196,3818,1446865,4334,1114718,185,17793,10257557
372,Los Angeles,County,1349,1145278,130,21125,24237,15072433,1807,1448672,2833,1117551,96,17889,10257557
373,Los Angeles,County,2745,1148023,150,21275,94786,15167219,4408,1453080,2628,1120179,88,17977,10257557
374,Los Angeles,County,2088,1150111,125,21400,78772,15245991,3628,1456708,2566,1122745,221,18198,10257557
375,Los Angeles,County,1962,1152073,121,21521,76350,15322341,3520,1460228,2692,1125437,140,18338,10257557
376,Los Angeles,County,1739,1153812,146,21667,75589,15397930,3183,1463411,3000,1128437,162,18500,10257557
377,Los Angeles,County,1627,1155439,111,21778,63531,15461461,2981,1466392,2748,1131185,137,18637,10257557
378,Los Angeles,County,1203,1156642,89,21867,30214,15491675,2286,1468678,2567,1133752,185,18822,10257557
379,Los Angeles,County,857,1157499,93,21960,19543,15511218,1182,1469860,1698,1135450,76,18898,10257557
380,Los Angeles,County,1338,1158837,91,22051,56548,15567766,2050,1471910,1714,1137164,27,18925,10257557
381,Los Angeles,County,1388,1160225,104,22155,85112,15652878,2727,1474637,1098,1138262,119,19044,10257557
382,Los Angeles,County,1244,1161469,92,22247,72728,15725606,2377,1477014,1524,1139786,169,19213,10257557
383,Los Angeles,County,1046,1162515,101,22348,71141,15796747,1932,1478946,2144,1141930,145,19358,10257557
384,Los Angeles,County,955,1163470,99,22447,63921,15860668,1852,1480798,1898,1143828,140,19498,10257557
385,Los Angeles,County,746,1164216,70,22517,28102,15888770,1388,1482186,1766,1145594,132,19630,10257557
386,Los Angeles,County,562,1164778,80,22597,20365,15909135,841,1483027,1162,1146756,81,19711,10257557
387,Los Angeles,County,1027,1165805,77,22674,80593,15989728,1831,1484858,785,1147541,19,19730,10257557
388,Los Angeles,County,871,1166676,58,22732,71498,16061226,1520,1486378,1424,1148965,157,19887,10257557
389,Los Angeles,County,862,1167538,71,22803,67963,16129189,1519,1487897,1357,1150322,930,20817,10257557
390,Los Angeles,County,754,1168292,71,22874,66727,16195916,1407,1489304,1524,1151846,114,20931,10257557
391,Los Angeles,County,737,1169029,70,22944,57882,16253798,1346,1490650,1285,1153131,139,21070,10257557
392,Los Angeles,County,568,1169597,63,23007,26817,16280615,1019,1491669,1144,1154275,88,21158,10257557
393,Los Angeles,County,505,1170102,78,23085,19509,16300124,582,1492251,866,1155141,103,21261,10257557
394,Los Angeles,County,777,1170879,56,23141,79498,16379622,1268,1493519,843,1155984,32,21293,10257557
395,Los Angeles,County,650,1171529,53,23194,67468,16447090,1134,1494653,842,1156826,102,21395,10257557
396,Los Angeles,County,638,1172167,47,23241,61017,16508107,1042,1495695,1085,1157911,105,21500,10257557
397,Los Angeles,County,637,1172804,47,23288,61282,16569389,1091,1496786,1494,1159405,110,21610,10257557
398,Los Angeles,County,610,1173414,42,23330,56266,16625655,1067,1497853,1283,1160688,135,21745,10257557
399,Los Angeles,County,485,1173899,37,23367,22925,16648580,758,1498611,1057,1161745,98,21843,10257557
400,Los Angeles,County,433,1174332,37,23404,16731,16665311,535,1499146,1004,1162749,14,21857,10257557
401,Los Angeles,County,719,1175051,37,23441,78918,16744229,1193,1500339,660,1163409,11,21868,10257557
402,Los Angeles,County,615,1175666,33,23474,65564,16809793,892,1501231,4558,1167967,212,22080,10257557
403,Los Angeles,County,592,1176258,34,23508,62612,16872405,936,1502167,1112,1169079,119,22199,10257557
404,Los Angeles,County,543,1176801,28,23536,57548,16929953,948,1503115,1032,1170111,117,22316,10257557
405,Los Angeles,County,529,1177330,39,23575,52245,16982198,911,1504026,749,1170860,93,22409,10257557
406,Los Angeles,County,397,1177727,37,23612,22619,17004817,630,1504656,645,1171505,42,22451,10257557
407,Los Angeles,County,315,1178042,26,23638,15350,17020167,404,1505060,595,1172100,25,22476,10257557
408,Los Angeles,County,567,1178609,15,23653,72459,17092626,838,1505898,345,1172445,1,22477,10257557
409,Los Angeles,County,559,1179168,28,23681,61838,17154464,876,1506774,231,1172676,50,22527,10257557
410,Los Angeles,County,530,1179698,30,23711,61364,17215828,867,1507641,740,1173416,75,22602,10257557
411,Los Angeles,County,447,1180145,34,23745,53935,17269763,775,1508416,789,1174205,87,22689,10257557
412,Los Angeles,County,429,1180574,26,23771,51320,17321083,813,1509229,613,1174818,63,22752,10257557
413,Los Angeles,County,335,1180909,31,23802,22600,17343683,554,1509783,472,1175290,58,22810,10257557
414,Los Angeles,County,296,1181205,20,23822,15986,17359669,379,1510162,394,1175684,24,22834,10257557
415,Los Angeles,County,523,1181728,20,23842,79414,17439083,842,1511004,521,1176205,9,22843,10257557
416,Los Angeles,County,505,1182233,15,23857,65258,17504341,744,1511748,367,1176572,61,22904,10257557
417,Los Angeles,County,512,1182745,18,23875,63684,17568025,872,1512620,443,1177015,89,22993,10257557
418,Los Angeles,County,472,1183217,20,23895,59182,17627207,801,1513421,475,1177490,58,23051,10257557
419,Los Angeles,County,427,1183644,20,23915,48961,17676168,734,1514155,723,1178213,29,23080,10257557
420,Los Angeles,County,335,1183979,18,23933,21891,17698059,499,1514654,618,1178831,23,23103,10257557
421,Los Angeles,County,313,1184292,13,23946,16474,17714533,342,1514996,485,1179316,-2,23101,10257557
422,Los Angeles,County,549,1184841,13,23959,73817,17788350,788,1515784,420,1179736,7,23108,10257557
423,Los Angeles,County,491,1185332,14,23973,61827,17850177,737,1516521,308,1180044,28,23136,10257557
424,Los Angeles,County,490,1185822,12,23985,54984,17905161,766,1517287,494,1180538,35,23171,10257557
425,Los Angeles,County,461,1186283,12,23997,49422,17954583,663,1517950,563,1181101,49,23220,10257557
243,Madera,County,9,4677,1,99,487,61342,13,5165,31,4508,1,48,160089
244,Madera,County,23,4700,0,99,397,61739,27,5192,29,4537,1,49,160089
245,Madera,County,9,4709,0,99,300,62039,4,5196,28,4565,1,50,160089
246,Madera,County,17,4726,0,99,327,62366,16,5212,22,4587,0,50,160089
247,Madera,County,16,4742,0,99,654,63020,23,5235,11,4598,0,50,160089
248,Madera,County,8,4750,0,99,709,63729,12,5247,10,4608,0,50,160089
249,Madera,County,12,4762,0,99,778,64507,16,5263,10,4618,0,50,160089
250,Madera,County,20,4782,0,99,660,65167,20,5283,19,4637,0,50,160089
251,Madera,County,19,4801,0,99,492,65659,17,5300,9,4646,0,50,160089
252,Madera,County,10,4811,0,99,378,66037,14,5314,16,4662,0,50,160089
253,Madera,County,13,4824,0,99,262,66299,11,5325,18,4680,0,50,160089
254,Madera,County,28,4852,0,99,617,66916,22,5347,9,4689,0,50,160089
255,Madera,County,19,4871,1,100,692,67608,36,5383,11,4700,0,50,160089
256,Madera,County,18,4889,1,101,704,68312,23,5406,13,4713,0,50,160089
257,Madera,County,15,4904,0,101,352,68664,13,5419,10,4723,0,50,160089
258,Madera,County,12,4916,0,101,487,69151,22,5441,13,4736,3,53,160089
259,Madera,County,12,4928,1,102,388,69539,25,5466,23,4759,0,53,160089
260,Madera,County,6,4934,1,103,432,69971,7,5473,11,4770,-1,52,160089
261,Madera,County,25,4959,0,103,966,70937,33,5506,17,4787,0,52,160089
262,Madera,County,15,4974,0,103,889,71826,17,5523,36,4823,0,52,160089
263,Madera,County,17,4991,0,103,787,72613,21,5544,8,4831,0,52,160089
264,Madera,County,25,5016,0,103,455,73068,22,5566,16,4847,0,52,160089
265,Madera,County,21,5037,0,103,438,73506,21,5587,41,4888,1,53,160089
266,Madera,County,5,5042,0,103,251,73757,5,5592,10,4898,0,53,160089
267,Madera,County,13,5055,0,103,277,74034,9,5601,11,4909,0,53,160089
268,Madera,County,30,5085,0,103,647,74681,30,5631,13,4922,0,53,160089
269,Madera,County,21,5106,1,104,768,75449,26,5657,20,4942,0,53,160089
270,Madera,County,30,5136,0,104,694,76143,26,5683,12,4954,0,53,160089
271,Madera,County,16,5152,0,104,421,76564,8,5691,16,4970,0,53,160089
272,Madera,County,29,5181,0,104,547,77111,30,5721,21,4991,1,54,160089
273,Madera,County,12,5193,0,104,406,77517,19,5740,22,5013,0,54,160089
274,Madera,County,17,5210,0,104,418,77935,3,5743,6,5019,0,54,160089
275,Madera,County,47,5257,1,105,676,78611,42,5785,14,5033,0,54,160089
276,Madera,County,30,5287,0,105,1035,79646,32,5817,25,5058,0,54,160089
277,Madera,County,37,5324,0,105,808,80454,39,5856,25,5083,0,54,160089
278,Madera,County,20,5344,0,105,546,81000,21,5877,46,5129,0,54,160089
279,Madera,County,39,5383,0,105,507,81507,36,5913,7,5136,0,54,160089
280,Madera,County,16,5399,0,105,424,81931,14,5927,41,5177,0,54,160089
281,Madera,County,22,5421,0,105,329,82260,5,5932,19,5196,0,54,160089
282,Madera,County,68,5489,0,105,1060,83320,73,6005,13,5209,0,54,160089
283,Madera,County,46,5535,0,105,897,84217,50,6055,20,5229,0,54,160089
284,Madera,County,42,5577,0,105,476,84693,30,6085,19,5248,0,54,160089
285,Madera,County,34,5611,1,106,743,85436,44,6129,25,5273,0,54,160089
286,Madera,County,35,5646,0,106,796,86232,43,6172,67,5340,0,54,160089
287,Madera,County,40,5686,1,107,570,86802,28,6200,31,5371,0,54,160089
288,Madera,County,30,5716,1,108,627,87429,22,6222,20,5391,0,54,160089
289,Madera,County,97,5813,0,108,1256,88685,107,6329,42,5433,0,54,160089
290,Madera,County,86,5899,0,108,1085,89770,97,6426,52,5485,0,54,160089
291,Madera,County,89,5988,0,108,958,90728,106,6532,34,5519,0,54,160089
292,Madera,County,87,6075,1,109,712,91440,88,6620,21,5540,0,54,160089
293,Madera,County,72,6147,1,110,1119,92559,101,6721,95,5635,0,54,160089
294,Madera,County,92,6239,2,112,994,93553,101,6822,71,5706,2,56,160089
295,Madera,County,37,6276,0,112,664,94217,38,6860,39,5745,0,56,160089
296,Madera,County,80,6356,0,112,1561,95778,117,6977,42,5787,0,56,160089
297,Madera,County,125,6481,1,113,908,96686,152,7129,94,5881,1,57,160089
298,Madera,County,83,6564,0,113,854,97540,91,7220,108,5989,0,57,160089
299,Madera,County,22,6586,2,115,67,97607,8,7228,14,6003,0,57,160089
300,Madera,County,74,6660,0,115,488,98095,66,7294,47,6050,0,57,160089
301,Madera,County,72,6732,0,115,602,98697,70,7364,69,6119,0,57,160089
302,Madera,County,102,6834,0,115,903,99600,87,7451,65,6184,0,57,160089
303,Madera,County,143,6977,0,115,1627,101227,169,7620,26,6210,0,57,160089
304,Madera,County,168,7145,0,115,2688,103915,196,7816,60,6270,0,57,160089
305,Madera,County,116,7261,1,116,1094,105009,133,7949,100,6370,0,57,160089
306,Madera,County,123,7384,0,116,822,105831,128,8077,28,6398,1,58,160089
307,Madera,County,121,7505,1,117,780,106611,143,8220,81,6479,0,58,160089
308,Madera,County,89,7594,0,117,700,107311,103,8323,140,6619,1,59,160089
309,Madera,County,89,7683,2,119,844,108155,88,8411,207,6826,0,59,160089
310,Madera,County,171,7854,0,119,1923,110078,218,8629,109,6935,0,59,160089
311,Madera,County,264,8118,2,121,1596,111674,285,8914,147,7082,0,59,160089
312,Madera,County,132,8250,2,123,1133,112807,161,9075,134,7216,0,59,160089
313,Madera,County,112,8362,1,124,792,113599,106,9181,229,7445,0,59,160089
314,Madera,County,105,8467,1,125,837,114436,125,9306,203,7648,0,59,160089
315,Madera,County,90,8557,0,125,681,115117,90,9396,117,7765,0,59,160089
316,Madera,County,123,8680,2,127,992,116109,107,9503,144,7909,1,60,160089
317,Madera,County,184,8864,4,131,2096,118205,182,9685,102,8011,0,60,160089
318,Madera,County,272,9136,0,131,2018,120223,282,9967,107,8118,0,60,160089
319,Madera,County,156,9292,1,132,1436,121659,172,10139,160,8278,2,62,160089
320,Madera,County,125,9417,1,133,749,122408,155,10294,187,8465,0,62,160089
321,Madera,County,116,9533,2,135,1045,123453,134,10428,144,8609,1,63,160089
322,Madera,County,102,9635,2,137,1162,124615,133,10561,108,8717,0,63,160089
323,Madera,County,91,9726,1,138,1178,125793,84,10645,154,8871,0,63,160089
324,Madera,County,210,9936,4,142,1824,127617,220,10865,198,9069,0,63,160089
325,Madera,County,194,10130,0,142,1935,129552,224,11089,118,9187,0,63,160089
326,Madera,County,118,10248,1,143,1293,130845,161,11250,184,9371,0,63,160089
327,Madera,County,157,10405,1,144,1382,132227,179,11429,176,9547,0,63,160089
328,Madera,County,38,10443,1,145,294,132521,13,11442,223,9770,1,64,160089
329,Madera,County,170,10613,0,145,912,133433,213,11655,138,9908,0,64,160089
330,Madera,County,74,10687,0,145,921,134354,63,11718,97,10005,0,64,160089
331,Madera,County,258,10945,5,150,1949,136303,282,12000,118,10123,0,64,160089
332,Madera,County,174,11119,0,150,1456,137759,218,12218,128,10251,0,64,160089
333,Madera,County,314,11433,1,151,1745,139504,362,12580,-2,10249,1,65,160089
334,Madera,County,109,11542,3,154,879,140383,137,12717,360,10609,-1,64,160089
335,Madera,County,67,11609,1,155,115,140498,16,12733,143,10752,2,66,160089
336,Madera,County,159,11768,0,155,1081,141579,175,12908,287,11039,1,67,160089
337,Madera,County,109,11877,1,156,1347,142926,85,12993,113,11152,0,67,160089
338,Madera,County,225,12102,2,158,1594,144520,197,13190,52,11204,0,67,160089
339,Madera,County,221,12323,0,158,1809,146329,273,13463,155,11359,0,67,160089
340,Madera,County,176,12499,2,160,1236,147565,249,13712,48,11407,0,67,160089
341,Madera,County,134,12633,2,162,934,148499,182,13894,237,11644,9,76,160089
342,Madera,County,156,12789,3,165,869,149368,162,14056,202,11846,9,85,160089
343,Madera,County,151,12940,2,167,1117,150485,164,14220,217,12063,0,85,160089
344,Madera,County,85,13025,1,168,1308,151793,68,14288,116,12179,0,85,160089
345,Madera,County,187,13212,1,169,1626,153419,213,14501,187,12366,0,85,160089
346,Madera,County,133,13345,2,171,1574,154993,184,14685,119,12485,0,85,160089
347,Madera,County,141,13486,2,173,1135,156128,198,14883,85,12570,0,85,160089
348,Madera,County,124,13610,3,176,865,156993,156,15039,172,12742,0,85,160089
349,Madera,County,117,13727,2,178,720,157713,138,15177,141,12883,0,85,160089
350,Madera,County,89,13816,2,180,1188,158901,115,15292,310,13193,0,85,160089
351,Madera,County,64,13880,0,180,1043,159944,53,15345,135,13328,0,85,160089
352,Madera,County,92,13972,0,180,1354,161298,84,15429,115,13443,0,85,160089
353,Madera,County,115,14087,0,180,1304,162602,173,15602,85,13528,1,86,160089
354,Madera,County,117,14204,3,183,919,163521,132,15734,57,13585,0,86,160089
355,Madera,County,65,14269,3,186,793,164314,96,15830,79,13664,0,86,160089
356,Madera,County,67,14336,1,187,662,164976,84,15914,117,13781,0,86,160089
357,Madera,County,61,14397,1,188,1031,166007,60,15974,77,13858,0,86,160089
358,Madera,County,36,14433,0,188,1176,167183,47,16021,142,14000,0,86,160089
359,Madera,County,92,14525,0,188,1334,168517,85,16106,68,14068,0,86,160089
360,Madera,County,54,14579,2,190,1134,169651,89,16195,62,14130,0,86,160089
361,Madera,County,57,14636,2,192,750,170401,74,16269,64,14194,0,86,160089
362,Madera,County,40,14676,0,192,665,171066,55,16324,107,14301,8,94,160089
363,Madera,County,56,14732,1,193,581,171647,89,16413,76,14377,0,94,160089
364,Madera,County,51,14783,1,194,995,172642,35,16448,66,14443,0,94,160089
365,Madera,County,42,14825,1,195,1113,173755,40,16488,53,14496,0,94,160089
366,Madera,County,54,14879,2,197,1375,175130,73,16561,76,14572,0,94,160089
367,Madera,County,35,14914,2,199,1006,176136,52,16613,23,14595,0,94,160089
368,Madera,County,50,14964,1,200,668,176804,70,16683,10,14605,0,94,160089
369,Madera,County,38,15002,1,201,620,177424,44,16727,101,14706,1,95,160089
370,Madera,County,29,15031,2,203,612,178036,45,16772,46,14752,0,95,160089
371,Madera,County,34,15065,2,205,985,179021,37,16809,55,14807,-2,93,160089
372,Madera,County,21,15086,0,205,979,180000,20,16829,43,14850,0,93,160089
373,Madera,County,34,15120,1,206,1336,181336,51,16880,37,14887,0,93,160089
374,Madera,County,36,15156,0,206,1134,182470,60,16940,25,14912,12,105,160089
375,Madera,County,20,15176,1,207,713,183183,46,16986,13,14925,0,105,160089
376,Madera,County,38,15214,4,211,739,183922,50,17036,59,14984,1,106,160089
377,Madera,County,21,15235,3,214,465,184387,29,17065,38,15022,0,106,160089
378,Madera,County,27,15262,0,214,1030,185417,19,17084,31,15053,0,106,160089
379,Madera,County,9,15271,0,214,799,186216,7,17091,36,15089,0,106,160089
380,Madera,County,32,15303,1,215,1031,187247,36,17127,19,15108,0,106,160089
381,Madera,County,31,15334,2,217,862,188109,42,17169,12,15120,66,172,160089
382,Madera,County,39,15373,1,218,1018,189127,48,17217,15,15135,5,177,160089
383,Madera,County,26,15399,3,221,670,189797,31,17248,40,15175,11,188,160089
384,Madera,County,21,15420,4,225,500,190297,27,17275,47,15222,0,188,160089
385,Madera,County,17,15437,1,226,1094,191391,22,17297,52,15274,3,191,160089
386,Madera,County,20,15457,0,226,1165,192556,12,17309,24,15298,1,192,160089
387,Madera,County,31,15488,0,226,1386,193942,48,17357,27,15325,1,193,160089
388,Madera,County,25,15513,0,226,968,194910,34,17391,27,15352,0,193,160089
389,Madera,County,14,15527,0,226,672,195582,32,17423,38,15390,1,194,160089
390,Madera,County,27,15554,0,226,450,196032,15,17438,24,15414,0,194,160089
391,Madera,County,35,15589,0,226,483,196515,34,17472,22,15436,5,199,160089
392,Madera,County,16,15605,1,227,1027,197542,8,17480,31,15467,0,199,160089
393,Madera,County,17,15622,0,227,1193,198735,9,17489,29,15496,0,199,160089
394,Madera,County,42,15664,0,227,1413,200148,42,17531,9,15505,-5,194,160089
395,Madera,County,29,15693,0,227,1042,201190,38,17569,18,15523,0,194,160089
396,Madera,County,20,15713,0,227,613,201803,37,17606,30,15553,9,203,160089
397,Madera,County,19,15732,1,228,462,202265,16,17622,43,15596,5,208,160089
398,Madera,County,34,15766,0,228,413,202678,38,17660,28,15624,3,211,160089
399,Madera,County,10,15776,0,228,1189,203867,15,17675,22,15646,0,211,160089
400,Madera,County,9,15785,2,230,1298,205165,7,17682,29,15675,0,211,160089
401,Madera,County,19,15804,0,230,1374,206539,14,17696,16,15691,0,211,160089
402,Madera,County,10,15814,1,231,1009,207548,22,17718,10,15701,0,211,160089
403,Madera,County,11,15825,1,232,627,208175,20,17738,4,15705,1,212,160089
404,Madera,County,21,15846,0,232,489,208664,25,17763,20,15725,2,214,160089
405,Madera,County,11,15857,1,233,395,209059,19,17782,36,15761,0,214,160089
406,Madera,County,12,15869,1,234,1084,210143,6,17788,19,15780,0,214,160089
407,Madera,County,12,15881,0,234,1018,211161,8,17796,24,15804,0,214,160089
408,Madera,County,25,15906,0,234,1772,212933,35,17831,2,15806,0,214,160089
409,Madera,County,11,15917,0,234,973,213906,23,17854,16,15822,0,214,160089
410,Madera,County,16,15933,1,235,855,214761,20,17874,13,15835,0,214,160089
411,Madera,County,7,15940,0,235,396,215157,7,17881,25,15860,-3,211,160089
412,Madera,County,12,15952,0,235,450,215607,10,17891,17,15877,-1,210,160089
413,Madera,County,7,15959,0,235,1446,217053,9,17900,14,15891,0,210,160089
414,Madera,County,8,15967,0,235,1070,218123,6,17906,4,15895,0,210,160089
415,Madera,County,19,15986,0,235,1449,219572,25,17931,9,15904,0,210,160089
416,Madera,County,15,16001,0,235,997,220569,17,17948,4,15908,0,210,160089
417,Madera,County,16,16017,0,235,659,221228,21,17969,10,15918,0,210,160089
418,Madera,County,9,16026,0,235,502,221730,9,17978,19,15937,0,210,160089
419,Madera,County,19,16045,0,235,716,222446,23,18001,15,15952,0,210,160089
420,Madera,County,10,16055,0,235,711,223157,12,18013,16,15968,0,210,160089
421,Madera,County,7,16062,0,235,507,223664,4,18017,5,15973,0,210,160089
422,Madera,County,15,16077,0,235,1164,224828,18,18035,14,15987,0,210,160089
423,Madera,County,20,16097,0,235,803,225631,20,18055,16,16003,19,229,160089
424,Madera,County,10,16107,0,235,394,226025,17,18072,12,16015,0,229,160089
425,Madera,County,14,16121,1,236,661,226686,11,18083,8,16023,1,230,160089
243,Marin,County,24,6832,0,123,1263,142951,21,7427,10,6710,1,92,260800
244,Marin,County,14,6846,1,124,1330,144281,24,7451,7,6717,-1,91,260800
245,Marin,County,17,6863,1,125,639,144920,13,7464,11,6728,0,91,260800
246,Marin,County,6,6869,2,127,526,145446,3,7467,13,6741,0,91,260800
247,Marin,County,20,6889,1,128,1497,146943,24,7491,10,6751,0,91,260800
248,Marin,County,17,6906,1,129,2039,148982,28,7519,15,6766,0,91,260800
249,Marin,County,14,6920,0,129,1687,150669,23,7542,24,6790,4,95,260800
250,Marin,County,27,6947,0,129,1632,152301,31,7573,20,6810,1,96,260800
251,Marin,County,14,6961,1,130,1593,153894,13,7586,28,6838,0,96,260800
252,Marin,County,14,6975,0,130,759,154653,10,7596,14,6852,1,97,260800
253,Marin,County,9,6984,0,130,411,155064,4,7600,18,6870,0,97,260800
254,Marin,County,9,6993,0,130,1623,156687,20,7620,16,6886,0,97,260800
255,Marin,County,17,7010,0,130,2027,158714,24,7644,14,6900,0,97,260800
256,Marin,County,22,7032,0,130,1965,160679,27,7671,7,6907,2,99,260800
257,Marin,County,6,7038,0,130,1463,162142,16,7687,5,6912,0,99,260800
258,Marin,County,8,7046,0,130,1320,163462,11,7698,21,6933,0,99,260800
259,Marin,County,10,7056,0,130,828,164290,16,7714,25,6958,0,99,260800
260,Marin,County,3,7059,0,130,471,164761,2,7716,11,6969,0,99,260800
261,Marin,County,21,7080,1,131,1474,166235,18,7734,12,6981,1,100,260800
262,Marin,County,18,7098,0,131,1811,168046,15,7749,13,6994,1,101,260800
263,Marin,County,15,7113,1,132,1579,169625,20,7769,8,7002,1,102,260800
264,Marin,County,9,7122,0,132,1455,171080,16,7785,12,7014,0,102,260800
265,Marin,County,6,7128,0,132,1292,172372,2,7787,15,7029,0,102,260800
266,Marin,County,13,7141,0,132,635,173007,4,7791,13,7042,0,102,260800
267,Marin,County,9,7150,0,132,368,173375,10,7801,10,7052,0,102,260800
268,Marin,County,10,7160,0,132,1450,174825,14,7815,12,7064,2,104,260800
269,Marin,County,6,7166,0,132,1800,176625,13,7828,6,7070,22,126,260800
270,Marin,County,16,7182,0,132,1615,178240,11,7839,9,7079,0,126,260800
271,Marin,County,11,7193,0,132,1567,179807,12,7851,4,7083,-1,125,260800
272,Marin,County,14,7207,0,132,1497,181304,14,7865,14,7097,0,125,260800
273,Marin,County,20,7227,1,133,757,182061,10,7875,15,7112,0,125,260800
274,Marin,County,16,7243,0,133,515,182576,6,7881,12,7124,0,125,260800
275,Marin,County,17,7260,0,133,1572,184148,11,7892,8,7132,0,125,260800
276,Marin,County,18,7278,1,134,1485,185633,25,7917,15,7147,6,131,260800
277,Marin,County,20,7298,0,134,2243,187876,28,7945,10,7157,0,131,260800
278,Marin,County,12,7310,0,134,1592,189468,20,7965,14,7171,0,131,260800
279,Marin,County,22,7332,0,134,1244,190712,14,7979,13,7184,0,131,260800
280,Marin,County,21,7353,0,134,808,191520,22,8001,31,7215,0,131,260800
281,Marin,County,11,7364,0,134,625,192145,9,8010,12,7227,0,131,260800
282,Marin,County,20,7384,0,134,1561,193706,22,8032,10,7237,0,131,260800
283,Marin,County,26,7410,0,134,1869,195575,21,8053,22,7259,2,133,260800
284,Marin,County,19,7429,0,134,1535,197110,21,8074,9,7268,0,133,260800
285,Marin,County,23,7452,0,134,1995,199105,22,8096,0,7268,0,133,260800
286,Marin,County,29,7481,0,134,1585,200690,27,8123,39,7307,0,133,260800
287,Marin,County,13,7494,0,134,849,201539,10,8133,18,7325,0,133,260800
288,Marin,County,16,7510,0,134,690,202229,13,8146,22,7347,0,133,260800
289,Marin,County,26,7536,0,134,1948,204177,32,8178,12,7359,1,134,260800
290,Marin,County,29,7565,1,135,2608,206785,27,8205,45,7404,0,134,260800
291,Marin,County,32,7597,0,135,2273,209058,34,8239,31,7435,0,134,260800
292,Marin,County,24,7621,0,135,2225,211283,27,8266,16,7451,0,134,260800
293,Marin,County,31,7652,0,135,1947,213230,30,8296,16,7467,0,134,260800
294,Marin,County,24,7676,0,135,1030,214260,19,8315,21,7488,0,134,260800
295,Marin,County,23,7699,0,135,913,215173,11,8326,18,7506,1,135,260800
296,Marin,County,35,7734,1,136,2716,217889,51,8377,37,7543,0,135,260800
297,Marin,County,42,7776,0,136,2572,220461,29,8406,48,7591,0,135,260800
298,Marin,County,47,7823,0,136,1833,222294,53,8459,10,7601,0,135,260800
299,Marin,County,27,7850,0,136,421,222715,19,8478,9,7610,0,135,260800
300,Marin,County,37,7887,0,136,1267,223982,17,8495,50,7660,0,135,260800
301,Marin,County,43,7930,0,136,1117,225099,42,8537,36,7696,0,135,260800
302,Marin,County,30,7960,0,136,693,225792,14,8551,43,7739,0,135,260800
303,Marin,County,66,8026,0,136,2526,228318,64,8615,25,7764,1,136,260800
304,Marin,County,42,8068,2,138,2917,231235,58,8673,23,7787,0,136,260800
305,Marin,County,70,8138,0,138,2429,233664,75,8748,32,7819,0,136,260800
306,Marin,County,46,8184,0,138,2504,236168,41,8789,42,7861,0,136,260800
307,Marin,County,59,8243,1,139,3578,239746,68,8857,35,7896,0,136,260800
308,Marin,County,50,8293,1,140,1204,240950,61,8918,65,7961,0,136,260800
309,Marin,County,26,8319,1,141,870,241820,13,8931,52,8013,0,136,260800
310,Marin,County,80,8399,1,142,2469,244289,96,9027,36,8049,0,136,260800
311,Marin,County,57,8456,0,142,2484,246773,65,9092,50,8099,1,137,260800
312,Marin,County,82,8538,1,143,2982,249755,99,9191,83,8182,1,138,260800
313,Marin,County,59,8597,0,143,2442,252197,70,9261,63,8245,2,140,260800
314,Marin,County,45,8642,0,143,1828,254025,50,9311,72,8317,1,141,260800
315,Marin,County,96,8738,0,143,1517,255542,97,9408,46,8363,0,141,260800
316,Marin,County,55,8793,1,144,868,256410,37,9445,46,8409,0,141,260800
317,Marin,County,121,8914,0,144,3333,259743,121,9566,66,8475,0,141,260800
318,Marin,County,85,8999,1,145,2963,262706,96,9662,53,8528,0,141,260800
319,Marin,County,107,9106,1,146,3112,265818,118,9780,113,8641,1,142,260800
320,Marin,County,70,9176,0,146,2797,268615,71,9851,80,8721,0,142,260800
321,Marin,County,57,9233,0,146,2278,270893,58,9909,78,8799,0,142,260800
322,Marin,County,83,9316,1,147,1587,272480,100,10009,65,8864,0,142,260800
323,Marin,County,39,9355,2,149,844,273324,24,10033,84,8948,0,142,260800
324,Marin,County,97,9452,0,149,3675,276999,125,10158,87,9035,0,142,260800
325,Marin,County,70,9522,1,150,3223,280222,87,10245,80,9115,0,142,260800
326,Marin,County,63,9585,0,150,2673,282895,88,10333,84,9199,0,142,260800
327,Marin,County,58,9643,0,150,1829,284724,63,10396,88,9287,1,143,260800
328,Marin,County,33,9676,2,152,469,285193,17,10413,88,9375,0,143,260800
329,Marin,County,50,9726,0,152,1032,286225,57,10470,38,9413,0,143,260800
330,Marin,County,35,9761,0,152,788,287013,31,10501,64,9477,1,144,260800
331,Marin,County,122,9883,4,156,3419,290432,141,10642,69,9546,1,145,260800
332,Marin,County,109,9992,1,157,3467,293899,119,10761,49,9595,1,146,260800
333,Marin,County,152,10144,2,159,2447,296346,155,10916,-26,9569,2,148,260800
334,Marin,County,87,10231,0,159,2080,298426,91,11007,162,9731,0,148,260800
335,Marin,County,40,10271,1,160,492,298918,25,11032,90,9821,0,148,260800
336,Marin,County,106,10377,1,161,1523,300441,117,11149,103,9924,3,151,260800
337,Marin,County,45,10422,3,164,829,301270,39,11188,110,10034,-1,150,260800
338,Marin,County,150,10572,1,165,3311,304581,169,11357,81,10115,1,151,260800
339,Marin,County,135,10707,0,165,3520,308101,153,11510,99,10214,0,151,260800
340,Marin,County,150,10857,1,166,3237,311338,180,11690,68,10282,2,153,260800
341,Marin,County,127,10984,0,166,3502,314840,147,11837,82,10364,0,153,260800
342,Marin,County,91,11075,1,167,2322,317162,92,11929,167,10531,0,153,260800
343,Marin,County,95,11170,1,168,1232,318394,111,12040,103,10634,1,154,260800
344,Marin,County,64,11234,2,170,1096,319490,80,12120,103,10737,1,155,260800
345,Marin,County,119,11353,2,172,3066,322556,134,12254,77,10814,1,156,260800
346,Marin,County,96,11449,2,174,3517,326073,131,12385,146,10960,1,157,260800
347,Marin,County,109,11558,1,175,2943,329016,132,12517,79,11039,4,161,260800
348,Marin,County,57,11615,2,177,2972,331988,86,12603,116,11155,-2,159,260800
349,Marin,County,75,11690,1,178,2156,334144,94,12697,155,11310,1,160,260800
350,Marin,County,50,11740,5,183,1005,335149,39,12736,172,11482,4,164,260800
351,Marin,County,43,11783,0,183,954,336103,51,12787,70,11552,0,164,260800
352,Marin,County,52,11835,1,184,1730,337833,74,12861,55,11607,1,165,260800
353,Marin,County,50,11885,2,186,2839,340672,72,12933,47,11654,4,169,260800
354,Marin,County,58,11943,2,188,2896,343568,66,12999,30,11684,2,171,260800
355,Marin,County,54,11997,2,190,2478,346046,54,13053,48,11732,2,173,260800
356,Marin,County,57,12054,0,190,1899,347945,56,13109,37,11769,4,177,260800
357,Marin,County,37,12091,2,192,797,348742,45,13154,27,11796,0,177,260800
358,Marin,County,56,12147,3,195,775,349517,58,13212,76,11872,0,177,260800
359,Marin,County,66,12213,1,196,2489,352006,62,13274,51,11923,0,177,260800
360,Marin,County,53,12266,1,197,2635,354641,75,13349,70,11993,2,179,260800
361,Marin,County,45,12311,1,198,2250,356891,63,13412,35,12028,1,180,260800
362,Marin,County,37,12348,2,200,2182,359073,50,13462,51,12079,3,183,260800
363,Marin,County,53,12401,0,200,1818,360891,58,13520,66,12145,2,185,260800
364,Marin,County,43,12444,2,202,778,361669,38,13558,80,12225,0,185,260800
365,Marin,County,28,12472,2,204,794,362463,24,13582,72,12297,0,185,260800
366,Marin,County,47,12519,1,205,2313,364776,62,13644,44,12341,3,188,260800
367,Marin,County,38,12557,1,206,2688,367464,52,13696,26,12367,1,189,260800
368,Marin,County,29,12586,0,206,2154,369618,42,13738,39,12406,1,190,260800
369,Marin,County,34,12620,0,206,2585,372203,46,13784,25,12431,2,192,260800
370,Marin,County,36,12656,1,207,1757,373960,34,13818,48,12479,1,193,260800
371,Marin,County,35,12691,1,208,909,374869,27,13845,52,12531,1,194,260800
372,Marin,County,19,12710,1,209,820,375689,27,13872,40,12571,0,194,260800
373,Marin,County,34,12744,0,209,2687,378376,41,13913,20,12591,0,194,260800
374,Marin,County,29,12773,0,209,2679,381055,36,13949,32,12623,3,197,260800
375,Marin,County,33,12806,0,209,2339,383394,33,13982,28,12651,2,199,260800
376,Marin,County,37,12843,0,209,2195,385589,41,14023,31,12682,1,200,260800
377,Marin,County,37,12880,0,209,1751,387340,42,14065,38,12720,0,200,260800
378,Marin,County,26,12906,0,209,844,388184,30,14095,37,12757,1,201,260800
379,Marin,County,21,12927,1,210,634,388818,19,14114,27,12784,0,201,260800
380,Marin,County,24,12951,0,210,1381,390199,32,14146,26,12810,2,203,260800
381,Marin,County,20,12971,0,210,2298,392497,33,14179,22,12832,2,205,260800
382,Marin,County,24,12995,0,210,2056,394553,24,14203,49,12881,2,207,260800
383,Marin,County,26,13021,0,210,1985,396538,36,14239,14,12895,2,209,260800
384,Marin,County,14,13035,1,211,1771,398309,17,14256,24,12919,1,210,260800
385,Marin,County,24,13059,0,211,836,399145,20,14276,26,12945,1,211,260800
386,Marin,County,21,13080,0,211,928,400073,21,14297,23,12968,1,212,260800
387,Marin,County,30,13110,0,211,2069,402142,28,14325,23,12991,1,213,260800
388,Marin,County,24,13134,0,211,2686,404828,31,14356,24,13015,1,214,260800
389,Marin,County,20,13154,0,211,2427,407255,26,14382,29,13044,0,214,260800
390,Marin,County,23,13177,1,212,2295,409550,38,14420,23,13067,0,214,260800
391,Marin,County,24,13201,0,212,1815,411365,15,14435,24,13091,0,214,260800
392,Marin,County,14,13215,0,212,810,412175,12,14447,43,13134,0,214,260800
393,Marin,County,24,13239,0,212,763,412938,27,14474,18,13152,0,214,260800
394,Marin,County,23,13262,1,213,2082,415020,35,14509,9,13161,0,214,260800
395,Marin,County,26,13288,1,214,2569,417589,38,14547,25,13186,0,214,260800
396,Marin,County,23,13311,0,214,2122,419711,32,14579,30,13216,0,214,260800
397,Marin,County,13,13324,0,214,2257,421968,20,14599,24,13240,1,215,260800
398,Marin,County,17,13341,1,215,1476,423444,21,14620,35,13275,0,215,260800
399,Marin,County,13,13354,0,215,591,424035,15,14635,14,13289,-2,213,260800
400,Marin,County,9,13363,0,215,622,424657,12,14647,24,13313,1,214,260800
401,Marin,County,8,13371,0,215,2098,426755,20,14667,15,13328,0,214,260800
402,Marin,County,20,13391,0,215,2005,428760,14,14681,7,13335,0,214,260800
403,Marin,County,18,13409,1,216,1762,430522,27,14708,13,13348,2,216,260800
404,Marin,County,10,13419,0,216,1870,432392,22,14730,8,13356,1,217,260800
405,Marin,County,12,13431,0,216,1709,434101,11,14741,19,13375,1,218,260800
406,Marin,County,7,13438,0,216,502,434603,6,14747,16,13391,0,218,260800
407,Marin,County,6,13444,0,216,461,435064,5,14752,14,13405,0,218,260800
408,Marin,County,16,13460,0,216,1838,436902,20,14772,3,13408,0,218,260800
409,Marin,County,6,13466,0,216,2251,439153,4,14776,11,13419,0,218,260800
410,Marin,County,18,13484,0,216,1777,440930,17,14793,9,13428,0,218,260800
411,Marin,County,18,13502,1,217,2045,442975,31,14824,7,13435,1,219,260800
412,Marin,County,18,13520,2,219,1260,444235,21,14845,6,13441,1,220,260800
413,Marin,County,12,13532,1,220,541,444776,12,14857,29,13470,0,220,260800
414,Marin,County,12,13544,1,221,642,445418,13,14870,25,13495,0,220,260800
415,Marin,County,16,13560,1,222,1887,447305,12,14882,6,13501,1,221,260800
416,Marin,County,9,13569,1,223,1789,449094,19,14901,13,13514,0,221,260800
417,Marin,County,23,13592,1,224,2067,451161,27,14928,12,13526,-2,219,260800
418,Marin,County,13,13605,1,225,1972,453133,17,14945,12,13538,0,219,260800
419,Marin,County,9,13614,0,225,1290,454423,17,14962,15,13553,2,221,260800
420,Marin,County,6,13620,0,225,564,454987,5,14967,26,13579,1,222,260800
421,Marin,County,5,13625,0,225,678,455665,9,14976,15,13594,-1,221,260800
422,Marin,County,13,13638,0,225,1837,457502,12,14988,6,13600,-1,220,260800
423,Marin,County,12,13650,0,225,2489,459991,18,15006,11,13611,1,221,260800
424,Marin,County,9,13659,0,225,1756,461747,12,15018,13,13624,0,221,260800
425,Marin,County,11,13670,0,225,2031,463778,22,15040,11,13635,0,221,260800
243,Mariposa,County,0,78,0,0,37,6720,0,80,0,76,0,2,17795
244,Mariposa,County,0,78,0,0,78,6798,0,80,-1,75,0,2,17795
245,Mariposa,County,0,78,0,0,26,6824,0,80,0,75,0,2,17795
246,Mariposa,County,0,78,0,0,9,6833,0,80,0,75,0,2,17795
247,Mariposa,County,0,78,0,0,28,6861,0,80,0,75,0,2,17795
248,Mariposa,County,0,78,0,0,103,6964,0,80,0,75,0,2,17795
249,Mariposa,County,0,78,0,0,99,7063,0,80,0,75,0,2,17795
250,Mariposa,County,0,78,0,0,50,7113,0,80,1,76,0,2,17795
251,Mariposa,County,0,78,0,0,48,7161,0,80,0,76,0,2,17795
252,Mariposa,County,0,78,0,0,21,7182,0,80,0,76,0,2,17795
253,Mariposa,County,0,78,0,0,6,7188,0,80,0,76,0,2,17795
254,Mariposa,County,0,78,0,0,30,7218,1,81,0,76,0,2,17795
255,Mariposa,County,0,78,0,0,99,7317,0,81,0,76,0,2,17795
256,Mariposa,County,0,78,0,0,57,7374,0,81,0,76,0,2,17795
257,Mariposa,County,1,79,0,0,44,7418,1,82,0,76,0,2,17795
258,Mariposa,County,0,79,0,0,49,7467,0,82,0,76,0,2,17795
259,Mariposa,County,0,79,0,0,20,7487,0,82,1,77,0,2,17795
260,Mariposa,County,1,80,0,0,7,7494,0,82,0,77,0,2,17795
261,Mariposa,County,0,80,0,0,39,7533,0,82,0,77,0,2,17795
262,Mariposa,County,0,80,0,0,129,7662,0,82,0,77,0,2,17795
263,Mariposa,County,1,81,0,0,102,7764,0,82,0,77,0,2,17795
264,Mariposa,County,0,81,0,0,49,7813,0,82,0,77,0,2,17795
265,Mariposa,County,0,81,0,0,65,7878,1,83,0,77,0,2,17795
266,Mariposa,County,0,81,0,0,3,7881,0,83,0,77,0,2,17795
267,Mariposa,County,0,81,0,0,2,7883,0,83,0,77,0,2,17795
268,Mariposa,County,0,81,0,0,23,7906,0,83,0,77,0,2,17795
269,Mariposa,County,0,81,0,0,106,8012,0,83,1,78,0,2,17795
270,Mariposa,County,1,82,0,0,95,8107,1,84,0,78,0,2,17795
271,Mariposa,County,0,82,0,0,58,8165,0,84,0,78,0,2,17795
272,Mariposa,County,2,84,0,0,61,8226,0,84,0,78,0,2,17795
273,Mariposa,County,0,84,0,0,20,8246,0,84,1,79,0,2,17795
274,Mariposa,County,0,84,0,0,10,8256,0,84,0,79,0,2,17795
275,Mariposa,County,4,88,0,0,24,8280,1,85,0,79,0,2,17795
276,Mariposa,County,0,88,0,0,136,8416,3,88,0,79,0,2,17795
277,Mariposa,County,1,89,0,0,84,8500,1,89,0,79,0,2,17795
278,Mariposa,County,0,89,0,0,60,8560,0,89,0,79,0,2,17795
279,Mariposa,County,1,90,0,0,53,8613,3,92,0,79,0,2,17795
280,Mariposa,County,1,91,0,0,47,8660,1,93,2,81,0,2,17795
281,Mariposa,County,0,91,0,0,10,8670,0,93,2,83,0,2,17795
282,Mariposa,County,0,91,0,0,26,8696,0,93,1,84,0,2,17795
283,Mariposa,County,0,91,0,0,140,8836,0,93,0,84,0,2,17795
284,Mariposa,County,2,93,0,0,22,8858,0,93,0,84,0,2,17795
285,Mariposa,County,0,93,0,0,131,8989,0,93,0,84,0,2,17795
286,Mariposa,County,2,95,0,0,105,9094,0,93,2,86,0,2,17795
287,Mariposa,County,2,97,0,0,40,9134,1,94,0,86,0,2,17795
288,Mariposa,County,1,98,0,0,18,9152,0,94,0,86,0,2,17795
289,Mariposa,County,3,101,0,0,30,9182,0,94,0,86,0,2,17795
290,Mariposa,County,3,104,0,0,221,9403,3,97,1,87,0,2,17795
291,Mariposa,County,3,107,0,0,149,9552,9,106,1,88,0,2,17795
292,Mariposa,County,3,110,0,0,96,9648,2,108,0,88,0,2,17795
293,Mariposa,County,7,117,0,0,99,9747,3,111,1,89,0,2,17795
294,Mariposa,County,8,125,0,0,75,9822,9,120,3,92,0,2,17795
295,Mariposa,County,0,125,0,0,14,9836,0,120,3,95,0,2,17795
296,Mariposa,County,1,126,0,0,33,9869,1,121,2,97,0,2,17795
297,Mariposa,County,1,127,0,0,168,10037,3,124,17,114,0,2,17795
298,Mariposa,County,10,137,0,0,165,10202,6,130,0,114,0,2,17795
299,Mariposa,County,1,138,0,0,3,10205,0,130,2,116,0,2,17795
300,Mariposa,County,5,143,0,0,111,10316,1,131,2,118,0,2,17795
301,Mariposa,County,2,145,0,0,130,10446,4,135,2,120,0,2,17795
302,Mariposa,County,3,148,0,0,16,10462,0,135,3,123,0,2,17795
303,Mariposa,County,4,152,0,0,31,10493,3,138,0,123,0,2,17795
304,Mariposa,County,7,159,0,0,230,10723,5,143,5,128,0,2,17795
305,Mariposa,County,5,164,0,0,175,10898,7,150,3,131,0,2,17795
306,Mariposa,County,3,167,0,0,144,11042,4,154,1,132,0,2,17795
307,Mariposa,County,4,171,0,0,140,11182,4,158,4,136,0,2,17795
308,Mariposa,County,0,171,0,0,70,11252,0,158,7,143,0,2,17795
309,Mariposa,County,5,176,1,1,25,11277,1,159,1,144,0,2,17795
310,Mariposa,County,1,177,0,1,38,11315,3,162,2,146,0,2,17795
311,Mariposa,County,3,180,0,1,199,11514,7,169,4,150,0,2,17795
312,Mariposa,County,4,184,0,1,175,11689,4,173,4,154,1,3,17795
313,Mariposa,County,2,186,0,1,45,11734,2,175,6,160,0,3,17795
314,Mariposa,County,1,187,0,1,120,11854,3,178,4,164,0,3,17795
315,Mariposa,County,1,188,0,1,97,11951,1,179,0,164,0,3,17795
316,Mariposa,County,1,189,0,1,15,11966,1,180,3,167,0,3,17795
317,Mariposa,County,4,193,0,1,54,12020,1,181,4,171,0,3,17795
318,Mariposa,County,1,194,0,1,200,12220,7,188,0,171,0,3,17795
319,Mariposa,County,4,198,0,1,148,12368,5,193,4,175,0,3,17795
320,Mariposa,County,3,201,0,1,93,12461,4,197,-3,172,0,3,17795
321,Mariposa,County,4,205,0,1,88,12549,2,199,4,176,0,3,17795
322,Mariposa,County,3,208,0,1,94,12643,6,205,1,177,0,3,17795
323,Mariposa,County,2,210,0,1,18,12661,1,206,2,179,0,3,17795
324,Mariposa,County,1,211,0,1,33,12694,8,214,7,186,0,3,17795
325,Mariposa,County,5,216,0,1,189,12883,6,220,8,194,0,3,17795
326,Mariposa,County,3,219,0,1,139,13022,5,225,0,194,0,3,17795
327,Mariposa,County,2,221,0,1,11,13033,1,226,3,197,0,3,17795
328,Mariposa,County,4,225,0,1,0,13033,0,226,6,203,0,3,17795
329,Mariposa,County,6,231,0,1,104,13137,5,231,3,206,0,3,17795
330,Mariposa,County,1,232,0,1,12,13149,0,231,2,208,0,3,17795
331,Mariposa,County,7,239,0,1,27,13176,4,235,3,211,0,3,17795
332,Mariposa,County,24,263,0,1,157,13333,23,258,1,212,0,3,17795
333,Mariposa,County,8,271,0,1,196,13529,11,269,2,214,0,3,17795
334,Mariposa,County,4,275,0,1,103,13632,6,275,3,217,0,3,17795
335,Mariposa,County,2,277,0,1,4,13636,0,275,19,236,0,3,17795
336,Mariposa,County,8,285,0,1,118,13754,8,283,7,243,0,3,17795
337,Mariposa,County,7,292,0,1,19,13773,2,285,5,248,0,3,17795
338,Mariposa,County,7,299,0,1,56,13829,3,288,5,253,0,3,17795
339,Mariposa,County,6,305,0,1,223,14052,18,306,4,257,0,3,17795
340,Mariposa,County,6,311,0,1,213,14265,12,318,2,259,0,3,17795
341,Mariposa,County,3,314,0,1,117,14382,6,324,5,264,0,3,17795
342,Mariposa,County,2,316,0,1,125,14507,6,330,9,273,0,3,17795
343,Mariposa,County,1,317,0,1,71,14578,3,333,14,287,0,3,17795
344,Mariposa,County,3,320,0,1,14,14592,1,334,4,291,0,3,17795
345,Mariposa,County,0,320,0,1,49,14641,1,335,5,296,0,3,17795
346,Mariposa,County,7,327,0,1,226,14867,5,340,6,302,0,3,17795
347,Mariposa,County,2,329,0,1,152,15019,6,346,2,304,0,3,17795
348,Mariposa,County,2,331,0,1,106,15125,3,349,-2,302,0,3,17795
349,Mariposa,County,3,334,0,1,100,15225,2,351,5,307,0,3,17795
350,Mariposa,County,2,336,0,1,46,15271,5,356,10,317,0,3,17795
351,Mariposa,County,1,337,0,1,12,15283,0,356,2,319,0,3,17795
352,Mariposa,County,0,337,0,1,25,15308,0,356,1,320,0,3,17795
353,Mariposa,County,3,340,0,1,105,15413,1,357,2,322,0,3,17795
354,Mariposa,County,0,340,0,1,105,15518,0,357,0,322,0,3,17795
355,Mariposa,County,2,342,0,1,64,15582,0,357,0,322,0,3,17795
356,Mariposa,County,4,346,0,1,73,15655,10,367,1,323,0,3,17795
357,Mariposa,County,0,346,0,1,42,15697,3,370,0,323,0,3,17795
358,Mariposa,County,0,346,0,1,17,15714,0,370,-1,322,0,3,17795
359,Mariposa,County,4,350,1,2,36,15750,1,371,9,331,0,3,17795
360,Mariposa,County,3,353,0,2,155,15905,7,378,1,332,0,3,17795
361,Mariposa,County,2,355,0,2,44,15949,1,379,1,333,1,4,17795
362,Mariposa,County,0,355,0,2,53,16002,1,380,1,334,0,4,17795
363,Mariposa,County,0,355,0,2,69,16071,0,380,8,342,0,4,17795
364,Mariposa,County,1,356,0,2,48,16119,2,382,2,344,0,4,17795
365,Mariposa,County,2,358,0,2,11,16130,2,384,0,344,0,4,17795
366,Mariposa,County,2,360,0,2,31,16161,0,384,0,344,0,4,17795
367,Mariposa,County,2,362,0,2,147,16308,1,385,1,345,0,4,17795
368,Mariposa,County,3,365,0,2,118,16426,4,389,2,347,0,4,17795
369,Mariposa,County,1,366,0,2,47,16473,0,389,1,348,0,4,17795
370,Mariposa,County,0,366,0,2,63,16536,0,389,4,352,0,4,17795
371,Mariposa,County,0,366,0,2,33,16569,1,390,3,355,0,4,17795
372,Mariposa,County,1,367,0,2,13,16582,0,390,0,355,0,4,17795
373,Mariposa,County,1,368,0,2,31,16613,3,393,0,355,0,4,17795
374,Mariposa,County,0,368,0,2,127,16740,1,394,0,355,0,4,17795
375,Mariposa,County,2,370,0,2,117,16857,2,396,5,360,0,4,17795
376,Mariposa,County,2,372,0,2,71,16928,2,398,1,361,0,4,17795
377,Mariposa,County,0,372,0,2,75,17003,2,400,4,365,0,4,17795
378,Mariposa,County,1,373,0,2,48,17051,2,402,0,365,0,4,17795
379,Mariposa,County,0,373,1,3,16,17067,0,402,0,365,0,4,17795
380,Mariposa,County,0,373,0,3,26,17093,0,402,2,367,0,4,17795
381,Mariposa,County,2,375,0,3,122,17215,3,405,0,367,0,4,17795
382,Mariposa,County,0,375,0,3,137,17352,0,405,1,368,0,4,17795
383,Mariposa,County,0,375,0,3,61,17413,3,408,1,369,0,4,17795
384,Mariposa,County,1,376,0,3,68,17481,2,410,2,371,0,4,17795
385,Mariposa,County,0,376,0,3,40,17521,0,410,1,372,0,4,17795
386,Mariposa,County,0,376,0,3,17,17538,0,410,1,373,0,4,17795
387,Mariposa,County,0,376,0,3,29,17567,0,410,1,374,0,4,17795
388,Mariposa,County,1,377,0,3,108,17675,2,412,0,374,0,4,17795
389,Mariposa,County,0,377,0,3,100,17775,0,412,0,374,0,4,17795
390,Mariposa,County,0,377,0,3,68,17843,0,412,1,375,0,4,17795
391,Mariposa,County,0,377,0,3,57,17900,0,412,0,375,0,4,17795
392,Mariposa,County,0,377,0,3,31,17931,0,412,-1,374,0,4,17795
393,Mariposa,County,0,377,0,3,16,17947,0,412,0,374,0,4,17795
394,Mariposa,County,0,377,0,3,32,17979,0,412,1,375,0,4,17795
395,Mariposa,County,0,377,0,3,121,18100,1,413,1,376,0,4,17795
396,Mariposa,County,0,377,0,3,116,18216,0,413,0,376,0,4,17795
397,Mariposa,County,1,378,0,3,59,18275,1,414,0,376,0,4,17795
398,Mariposa,County,0,378,0,3,63,18338,0,414,-1,375,0,4,17795
399,Mariposa,County,0,378,0,3,39,18377,0,414,1,376,1,5,17795
400,Mariposa,County,0,378,0,3,18,18395,0,414,0,376,0,5,17795
401,Mariposa,County,1,379,0,3,36,18431,0,414,0,376,0,5,17795
402,Mariposa,County,0,379,0,3,117,18548,1,415,0,376,0,5,17795
403,Mariposa,County,0,379,0,3,56,18604,0,415,0,376,0,5,17795
404,Mariposa,County,0,379,0,3,89,18693,0,415,0,376,0,5,17795
405,Mariposa,County,0,379,0,3,60,18753,1,416,0,376,0,5,17795
406,Mariposa,County,2,381,0,3,33,18786,2,418,0,376,0,5,17795
407,Mariposa,County,1,382,0,3,5,18791,0,418,0,376,0,5,17795
408,Mariposa,County,2,384,0,3,25,18816,1,419,0,376,0,5,17795
409,Mariposa,County,0,384,0,3,124,18940,2,421,3,379,0,5,17795
410,Mariposa,County,3,387,0,3,79,19019,1,422,0,379,0,5,17795
411,Mariposa,County,0,387,0,3,93,19112,0,422,1,380,0,5,17795
412,Mariposa,County,2,389,0,3,67,19179,2,424,0,380,0,5,17795
413,Mariposa,County,1,390,0,3,27,19206,0,424,1,381,0,5,17795
414,Mariposa,County,1,391,0,3,14,19220,1,425,0,381,0,5,17795
415,Mariposa,County,0,391,0,3,53,19273,0,425,0,381,0,5,17795
416,Mariposa,County,1,392,0,3,112,19385,2,427,3,384,0,5,17795
417,Mariposa,County,1,393,0,3,64,19449,3,430,0,384,0,5,17795
418,Mariposa,County,0,393,0,3,69,19518,0,430,2,386,0,5,17795
419,Mariposa,County,0,393,0,3,77,19595,1,431,0,386,0,5,17795
420,Mariposa,County,0,393,0,3,25,19620,0,431,0,386,0,5,17795
421,Mariposa,County,0,393,0,3,13,19633,0,431,2,388,0,5,17795
422,Mariposa,County,0,393,0,3,51,19684,0,431,0,388,0,5,17795
423,Mariposa,County,1,394,0,3,110,19794,2,433,0,388,0,5,17795
424,Mariposa,County,0,394,0,3,59,19853,0,433,1,389,0,5,17795
425,Mariposa,County,0,394,0,3,42,19895,0,433,0,389,0,5,17795
243,Mendocino,County,6,943,0,19,298,31658,11,1014,7,874,2,19,88439
244,Mendocino,County,5,948,0,19,307,31965,12,1026,9,883,-1,18,88439
245,Mendocino,County,4,952,1,20,225,32190,2,1028,15,898,0,18,88439
246,Mendocino,County,2,954,0,20,97,32287,3,1031,7,905,0,18,88439
247,Mendocino,County,13,967,0,20,222,32509,13,1044,8,913,1,19,88439
248,Mendocino,County,8,975,1,21,300,32809,2,1046,7,920,0,19,88439
249,Mendocino,County,7,982,0,21,301,33110,7,1053,7,927,0,19,88439
250,Mendocino,County,6,988,0,21,438,33548,5,1058,3,930,1,20,88439
251,Mendocino,County,5,993,0,21,114,33662,4,1062,3,933,0,20,88439
252,Mendocino,County,10,1003,0,21,125,33787,0,1062,2,935,1,21,88439
253,Mendocino,County,7,1010,0,21,261,34048,8,1070,9,944,0,21,88439
254,Mendocino,County,7,1017,0,21,264,34312,13,1083,3,947,0,21,88439
255,Mendocino,County,6,1023,0,21,308,34620,5,1088,3,950,0,21,88439
256,Mendocino,County,9,1032,0,21,385,35005,14,1102,5,955,0,21,88439
257,Mendocino,County,6,1038,0,21,402,35407,8,1110,8,963,0,21,88439
258,Mendocino,County,5,1043,0,21,205,35612,5,1115,11,974,0,21,88439
259,Mendocino,County,7,1050,0,21,121,35733,2,1117,3,977,0,21,88439
260,Mendocino,County,7,1057,0,21,237,35970,9,1126,11,988,0,21,88439
261,Mendocino,County,2,1059,0,21,262,36232,3,1129,13,1001,0,21,88439
262,Mendocino,County,5,1064,0,21,229,36461,1,1130,3,1004,0,21,88439
263,Mendocino,County,2,1066,0,21,389,36850,3,1133,7,1011,0,21,88439
264,Mendocino,County,2,1068,0,21,412,37262,7,1140,5,1016,-1,20,88439
265,Mendocino,County,5,1073,0,21,78,37340,4,1144,3,1019,0,20,88439
266,Mendocino,County,3,1076,0,21,104,37444,1,1145,3,1022,0,20,88439
267,Mendocino,County,12,1088,0,21,192,37636,15,1160,2,1024,0,20,88439
268,Mendocino,County,7,1095,0,21,255,37891,6,1166,2,1026,0,20,88439
269,Mendocino,County,8,1103,0,21,331,38222,8,1174,7,1033,0,20,88439
270,Mendocino,County,7,1110,0,21,344,38566,4,1178,4,1037,0,20,88439
271,Mendocino,County,1,1111,0,21,410,38976,6,1184,21,1058,1,21,88439
272,Mendocino,County,6,1117,0,21,94,39070,3,1187,4,1062,0,21,88439
273,Mendocino,County,2,1119,0,21,31,39101,1,1188,4,1066,0,21,88439
274,Mendocino,County,8,1127,0,21,145,39246,6,1194,8,1074,0,21,88439
275,Mendocino,County,13,1140,0,21,261,39507,22,1216,2,1076,0,21,88439
276,Mendocino,County,14,1154,0,21,233,39740,13,1229,8,1084,1,22,88439
277,Mendocino,County,15,1169,0,21,331,40071,17,1246,5,1089,0,22,88439
278,Mendocino,County,18,1187,0,21,483,40554,16,1262,23,1112,0,22,88439
279,Mendocino,County,12,1199,0,21,155,40709,3,1265,1,1113,0,22,88439
280,Mendocino,County,5,1204,0,21,87,40796,3,1268,5,1118,0,22,88439
281,Mendocino,County,10,1214,0,21,314,41110,16,1284,11,1129,0,22,88439
282,Mendocino,County,9,1223,0,21,385,41495,7,1291,3,1132,0,22,88439
283,Mendocino,County,12,1235,1,22,367,41862,10,1301,5,1137,0,22,88439
284,Mendocino,County,8,1243,0,22,366,42228,7,1308,5,1142,0,22,88439
285,Mendocino,County,12,1255,0,22,418,42646,15,1323,0,1142,0,22,88439
286,Mendocino,County,19,1274,0,22,236,42882,10,1333,31,1173,0,22,88439
287,Mendocino,County,12,1286,0,22,74,42956,4,1337,8,1181,0,22,88439
288,Mendocino,County,16,1302,0,22,316,43272,20,1357,16,1197,0,22,88439
289,Mendocino,County,19,1321,0,22,426,43698,24,1381,12,1209,1,23,88439
290,Mendocino,County,25,1346,0,22,498,44196,29,1410,7,1216,0,23,88439
291,Mendocino,County,21,1367,0,22,514,44710,19,1429,21,1237,0,23,88439
292,Mendocino,County,20,1387,0,22,582,45292,20,1449,0,1237,0,23,88439
293,Mendocino,County,21,1408,0,22,439,45731,11,1460,32,1269,-1,22,88439
294,Mendocino,County,20,1428,0,22,282,46013,11,1471,13,1282,0,22,88439
295,Mendocino,County,31,1459,0,22,498,46511,53,1524,3,1285,0,22,88439
296,Mendocino,County,24,1483,0,22,499,47010,36,1560,45,1330,0,22,88439
297,Mendocino,County,30,1513,0,22,558,47568,40,1600,16,1346,0,22,88439
298,Mendocino,County,22,1535,0,22,489,48057,23,1623,27,1373,0,22,88439
299,Mendocino,County,19,1554,1,23,56,48113,10,1633,14,1387,0,22,88439
300,Mendocino,County,14,1568,0,23,87,48200,3,1636,0,1387,0,22,88439
301,Mendocino,County,15,1583,0,23,59,48259,4,1640,71,1458,0,22,88439
302,Mendocino,County,31,1614,0,23,377,48636,29,1669,15,1473,1,23,88439
303,Mendocino,County,34,1648,0,23,512,49148,38,1707,9,1482,0,23,88439
304,Mendocino,County,27,1675,0,23,587,49735,30,1737,15,1497,0,23,88439
305,Mendocino,County,34,1709,0,23,523,50258,47,1784,27,1524,0,23,88439
306,Mendocino,County,33,1742,0,23,495,50753,27,1811,23,1547,0,23,88439
307,Mendocino,County,16,1758,0,23,539,51292,16,1827,16,1563,0,23,88439
308,Mendocino,County,19,1777,0,23,63,51355,1,1828,22,1585,0,23,88439
309,Mendocino,County,39,1816,0,23,363,51718,20,1848,29,1614,0,23,88439
310,Mendocino,County,41,1857,1,24,518,52236,47,1895,24,1638,0,23,88439
311,Mendocino,County,35,1892,0,24,724,52960,47,1942,28,1666,0,23,88439
312,Mendocino,County,42,1934,0,24,536,53496,49,1991,37,1703,1,24,88439
313,Mendocino,County,26,1960,0,24,528,54024,38,2029,45,1748,0,24,88439
314,Mendocino,County,26,1986,0,24,423,54447,22,2051,21,1769,0,24,88439
315,Mendocino,County,23,2009,0,24,174,54621,16,2067,2,1771,0,24,88439
316,Mendocino,County,36,2045,0,24,275,54896,40,2107,22,1793,0,24,88439
317,Mendocino,County,34,2079,0,24,541,55437,33,2140,52,1845,0,24,88439
318,Mendocino,County,21,2100,0,24,659,56096,31,2171,38,1883,0,24,88439
319,Mendocino,County,27,2127,0,24,452,56548,37,2208,46,1929,-1,23,88439
320,Mendocino,County,35,2162,1,25,592,57140,50,2258,13,1942,0,23,88439
321,Mendocino,County,34,2196,0,25,679,57819,34,2292,35,1977,1,24,88439
322,Mendocino,County,18,2214,0,25,233,58052,9,2301,31,2008,-1,23,88439
323,Mendocino,County,25,2239,0,25,334,58386,32,2333,25,2033,0,23,88439
324,Mendocino,County,25,2264,0,25,698,59084,24,2357,33,2066,0,23,88439
325,Mendocino,County,30,2294,0,25,701,59785,34,2391,26,2092,0,23,88439
326,Mendocino,County,33,2327,0,25,443,60228,38,2429,29,2121,0,23,88439
327,Mendocino,County,12,2339,0,25,189,60417,8,2437,29,2150,0,23,88439
328,Mendocino,County,10,2349,0,25,36,60453,3,2440,26,2176,0,23,88439
329,Mendocino,County,42,2391,1,26,430,60883,46,2486,18,2194,0,23,88439
330,Mendocino,County,46,2437,1,27,314,61197,40,2526,15,2209,0,23,88439
331,Mendocino,County,48,2485,0,27,554,61751,51,2577,5,2214,0,23,88439
332,Mendocino,County,35,2520,0,27,759,62510,45,2622,35,2249,1,24,88439
333,Mendocino,County,43,2563,0,27,521,63031,35,2657,42,2291,0,24,88439
334,Mendocino,County,18,2581,1,28,420,63451,20,2677,76,2367,0,24,88439
335,Mendocino,County,15,2596,1,29,53,63504,4,2681,33,2400,0,24,88439
336,Mendocino,County,54,2650,2,31,328,63832,42,2723,28,2428,0,24,88439
337,Mendocino,County,42,2692,0,31,441,64273,51,2774,17,2445,0,24,88439
338,Mendocino,County,40,2732,0,31,581,64854,41,2815,15,2460,4,28,88439
339,Mendocino,County,40,2772,0,31,912,65766,46,2861,41,2501,2,30,88439
340,Mendocino,County,35,2807,0,31,587,66353,41,2902,60,2561,0,30,88439
341,Mendocino,County,30,2837,0,31,524,66877,33,2935,24,2585,0,30,88439
342,Mendocino,County,55,2892,0,31,680,67557,65,3000,49,2634,1,31,88439
343,Mendocino,County,19,2911,0,31,262,67819,17,3017,30,2664,0,31,88439
344,Mendocino,County,18,2929,0,31,186,68005,13,3030,42,2706,0,31,88439
345,Mendocino,County,31,2960,1,32,594,68599,35,3065,22,2728,0,31,88439
346,Mendocino,County,27,2987,0,32,742,69341,36,3101,34,2762,0,31,88439
347,Mendocino,County,20,3007,0,32,486,69827,28,3129,28,2790,0,31,88439
348,Mendocino,County,20,3027,0,32,403,70230,17,3146,11,2801,0,31,88439
349,Mendocino,County,14,3041,3,35,384,70614,19,3165,34,2835,0,31,88439
350,Mendocino,County,11,3052,0,35,185,70799,13,3178,55,2890,0,31,88439
351,Mendocino,County,14,3066,1,36,181,70980,15,3193,22,2912,0,31,88439
352,Mendocino,County,28,3094,0,36,402,71382,20,3213,7,2919,0,31,88439
353,Mendocino,County,23,3117,0,36,617,71999,33,3246,11,2930,1,32,88439
354,Mendocino,County,17,3134,0,36,443,72442,24,3270,27,2957,0,32,88439
355,Mendocino,County,15,3149,0,36,335,72777,17,3287,10,2967,0,32,88439
356,Mendocino,County,23,3172,0,36,462,73239,24,3311,27,2994,0,32,88439
357,Mendocino,County,25,3197,0,36,207,73446,21,3332,-3,2991,0,32,88439
358,Mendocino,County,14,3211,1,37,183,73629,14,3346,46,3037,1,33,88439
359,Mendocino,County,21,3232,0,37,419,74048,41,3387,17,3054,2,35,88439
360,Mendocino,County,11,3243,0,37,486,74534,20,3407,22,3076,1,36,88439
361,Mendocino,County,26,3269,0,37,264,74798,17,3424,19,3095,0,36,88439
362,Mendocino,County,20,3289,0,37,384,75182,33,3457,15,3110,0,36,88439
363,Mendocino,County,17,3306,1,38,335,75517,15,3472,21,3131,0,36,88439
364,Mendocino,County,9,3315,0,38,132,75649,7,3479,22,3153,0,36,88439
365,Mendocino,County,14,3329,1,39,218,75867,18,3497,28,3181,1,37,88439
366,Mendocino,County,23,3352,0,39,399,76266,30,3527,11,3192,0,37,88439
367,Mendocino,County,33,3385,0,39,625,76891,38,3565,18,3210,1,38,88439
368,Mendocino,County,33,3418,0,39,359,77250,30,3595,26,3236,0,38,88439
369,Mendocino,County,26,3444,0,39,334,77584,28,3623,4,3240,0,38,88439
370,Mendocino,County,18,3462,0,39,337,77921,19,3642,32,3272,0,38,88439
371,Mendocino,County,14,3476,0,39,185,78106,7,3649,44,3316,0,38,88439
372,Mendocino,County,18,3494,0,39,428,78534,24,3673,32,3348,0,38,88439
373,Mendocino,County,17,3511,1,40,392,78926,28,3701,7,3355,0,38,88439
374,Mendocino,County,14,3525,0,40,591,79517,23,3724,14,3369,0,38,88439
375,Mendocino,County,18,3543,0,40,388,79905,23,3747,26,3395,0,38,88439
376,Mendocino,County,15,3558,0,40,296,80201,13,3760,25,3420,0,38,88439
377,Mendocino,County,7,3565,0,40,280,80481,16,3776,27,3447,0,38,88439
378,Mendocino,County,2,3567,0,40,97,80578,10,3786,19,3466,0,38,88439
379,Mendocino,County,10,3577,0,40,133,80711,9,3795,9,3475,1,39,88439
380,Mendocino,County,5,3582,0,40,162,80873,1,3796,6,3481,0,39,88439
381,Mendocino,County,12,3594,1,41,519,81392,19,3815,8,3489,0,39,88439
382,Mendocino,County,4,3598,0,41,297,81689,8,3823,5,3494,0,39,88439
383,Mendocino,County,2,3600,1,42,246,81935,3,3826,25,3519,0,39,88439
384,Mendocino,County,3,3603,0,42,376,82311,7,3833,7,3526,0,39,88439
385,Mendocino,County,2,3605,0,42,82,82393,2,3835,7,3533,1,40,88439
386,Mendocino,County,2,3607,1,43,141,82534,4,3839,2,3535,1,41,88439
387,Mendocino,County,5,3612,0,43,287,82821,2,3841,0,3535,0,41,88439
388,Mendocino,County,6,3618,0,43,427,83248,7,3848,5,3540,0,41,88439
389,Mendocino,County,2,3620,0,43,229,83477,4,3852,0,3540,0,41,88439
390,Mendocino,County,7,3627,0,43,244,83721,5,3857,2,3542,0,41,88439
391,Mendocino,County,5,3632,0,43,213,83934,5,3862,7,3549,0,41,88439
392,Mendocino,County,5,3637,1,44,119,84053,5,3867,6,3555,0,41,88439
393,Mendocino,County,3,3640,0,44,132,84185,3,3870,3,3558,0,41,88439
394,Mendocino,County,6,3646,0,44,281,84466,6,3876,3,3561,0,41,88439
395,Mendocino,County,7,3653,0,44,432,84898,7,3883,1,3562,0,41,88439
396,Mendocino,County,3,3656,0,44,263,85161,7,3890,2,3564,1,42,88439
397,Mendocino,County,8,3664,0,44,197,85358,5,3895,5,3569,0,42,88439
398,Mendocino,County,3,3667,0,44,199,85557,2,3897,8,3577,0,42,88439
399,Mendocino,County,3,3670,0,44,143,85700,8,3905,2,3579,0,42,88439
400,Mendocino,County,2,3672,0,44,167,85867,3,3908,2,3581,0,42,88439
401,Mendocino,County,3,3675,0,44,289,86156,7,3915,9,3590,0,42,88439
402,Mendocino,County,2,3677,0,44,504,86660,5,3920,5,3595,0,42,88439
403,Mendocino,County,4,3681,1,45,262,86922,6,3926,7,3602,0,42,88439
404,Mendocino,County,5,3686,0,45,251,87173,6,3932,2,3604,0,42,88439
405,Mendocino,County,7,3693,0,45,162,87335,9,3941,1,3605,1,43,88439
406,Mendocino,County,3,3696,0,45,115,87450,2,3943,6,3611,1,44,88439
407,Mendocino,County,4,3700,0,45,70,87520,3,3946,2,3613,0,44,88439
408,Mendocino,County,5,3705,0,45,359,87879,6,3952,2,3615,0,44,88439
409,Mendocino,County,4,3709,1,46,379,88258,2,3954,8,3623,0,44,88439
410,Mendocino,County,5,3714,0,46,201,88459,5,3959,2,3625,0,44,88439
411,Mendocino,County,4,3718,0,46,278,88737,3,3962,5,3630,1,45,88439
412,Mendocino,County,10,3728,0,46,255,88992,14,3976,9,3639,0,45,88439
413,Mendocino,County,1,3729,0,46,103,89095,0,3976,0,3639,-2,43,88439
414,Mendocino,County,1,3730,0,46,99,89194,1,3977,12,3651,2,45,88439
415,Mendocino,County,3,3733,0,46,345,89539,6,3983,2,3653,0,45,88439
416,Mendocino,County,2,3735,0,46,411,89950,4,3987,-1,3652,0,45,88439
417,Mendocino,County,2,3737,0,46,237,90187,3,3990,8,3660,0,45,88439
418,Mendocino,County,3,3740,0,46,298,90485,4,3994,4,3664,0,45,88439
419,Mendocino,County,1,3741,0,46,164,90649,2,3996,0,3664,0,45,88439
420,Mendocino,County,1,3742,1,47,143,90792,0,3996,2,3666,0,45,88439
421,Mendocino,County,1,3743,0,47,91,90883,2,3998,0,3666,0,45,88439
422,Mendocino,County,2,3745,0,47,256,91139,3,4001,1,3667,0,45,88439
423,Mendocino,County,3,3748,0,47,345,91484,2,4003,3,3670,0,45,88439
424,Mendocino,County,2,3750,0,47,201,91685,6,4009,5,3675,0,45,88439
425,Mendocino,County,6,3756,0,47,268,91953,6,4015,5,3680,0,45,88439
243,Merced,County,20,9055,0,144,626,88026,22,9350,16,8942,2,138,287420
244,Merced,County,28,9083,1,145,682,88708,23,9373,19,8961,1,139,287420
245,Merced,County,10,9093,1,146,181,88889,8,9381,25,8986,0,139,287420
246,Merced,County,13,9106,2,148,132,89021,10,9391,20,9006,1,140,287420
247,Merced,County,25,9131,1,149,837,89858,29,9420,15,9021,3,143,287420
248,Merced,County,19,9150,0,149,985,90843,22,9442,13,9034,0,143,287420
249,Merced,County,36,9186,0,149,747,91590,43,9485,11,9045,1,144,287420
250,Merced,County,37,9223,0,149,877,92467,51,9536,24,9069,0,144,287420
251,Merced,County,20,9243,0,149,885,93352,26,9562,26,9095,1,145,287420
252,Merced,County,14,9257,1,150,163,93515,8,9570,10,9105,1,146,287420
253,Merced,County,6,9263,0,150,155,93670,4,9574,19,9124,0,146,287420
254,Merced,County,18,9281,0,150,817,94487,26,9600,17,9141,0,146,287420
255,Merced,County,21,9302,1,151,917,95404,24,9624,40,9181,0,146,287420
256,Merced,County,17,9319,0,151,714,96118,15,9639,20,9201,1,147,287420
257,Merced,County,25,9344,1,152,714,96832,9,9648,12,9213,0,147,287420
258,Merced,County,27,9371,0,152,599,97431,22,9670,33,9246,1,148,287420
259,Merced,County,17,9388,0,152,159,97590,10,9680,29,9275,0,148,287420
260,Merced,County,14,9402,0,152,181,97771,4,9684,17,9292,0,148,287420
261,Merced,County,35,9437,0,152,888,98659,19,9703,13,9305,0,148,287420
262,Merced,County,24,9461,1,153,922,99581,19,9722,18,9323,1,149,287420
263,Merced,County,22,9483,0,153,876,100457,23,9745,-4,9319,0,149,287420
264,Merced,County,24,9507,0,153,891,101348,20,9765,4,9323,0,149,287420
265,Merced,County,28,9535,1,154,891,102239,30,9795,4,9327,0,149,287420
266,Merced,County,14,9549,0,154,168,102407,13,9808,24,9351,1,150,287420
267,Merced,County,24,9573,0,154,136,102543,16,9824,1,9352,0,150,287420
268,Merced,County,65,9638,0,154,1052,103595,37,9861,23,9375,0,150,287420
269,Merced,County,47,9685,0,154,994,104589,46,9907,74,9449,0,150,287420
270,Merced,County,40,9725,0,154,941,105530,37,9944,31,9480,0,150,287420
271,Merced,County,26,9751,0,154,903,106433,41,9985,16,9496,0,150,287420
272,Merced,County,53,9804,2,156,832,107265,41,10026,43,9539,0,150,287420
273,Merced,County,32,9836,1,157,189,107454,21,10047,58,9597,1,151,287420
274,Merced,County,33,9869,1,158,232,107686,21,10068,29,9626,1,152,287420
275,Merced,County,61,9930,0,158,944,108630,48,10116,38,9664,0,152,287420
276,Merced,County,62,9992,0,158,1208,109838,42,10158,49,9713,1,153,287420
277,Merced,County,53,10045,1,159,834,110672,59,10217,4,9717,0,153,287420
278,Merced,County,50,10095,1,160,1084,111756,45,10262,36,9753,2,155,287420
279,Merced,County,59,10154,1,161,777,112533,59,10321,25,9778,2,157,287420
280,Merced,County,39,10193,0,161,230,112763,32,10353,77,9855,0,157,287420
281,Merced,County,32,10225,1,162,224,112987,17,10370,30,9885,0,157,287420
282,Merced,County,75,10300,0,162,1366,114353,82,10452,37,9922,0,157,287420
283,Merced,County,103,10403,0,162,1186,115539,57,10509,70,9992,0,157,287420
284,Merced,County,62,10465,0,162,777,116316,80,10589,82,10074,0,157,287420
285,Merced,County,71,10536,4,166,1358,117674,72,10661,33,10107,1,158,287420
286,Merced,County,114,10650,3,169,963,118637,65,10726,78,10185,1,159,287420
287,Merced,County,55,10705,2,171,317,118954,47,10773,101,10286,2,161,287420
288,Merced,County,56,10761,0,171,313,119267,36,10809,64,10350,1,162,287420
289,Merced,County,134,10895,1,172,1770,121037,143,10952,49,10399,0,162,287420
290,Merced,County,138,11033,0,172,1415,122452,121,11073,58,10457,0,162,287420
291,Merced,County,144,11177,1,173,1669,124121,138,11211,79,10536,4,166,287420
292,Merced,County,115,11292,1,174,1396,125517,138,11349,98,10634,1,167,287420
293,Merced,County,141,11433,1,175,1286,126803,140,11489,95,10729,0,167,287420
294,Merced,County,86,11519,0,175,357,127160,53,11542,120,10849,2,169,287420
295,Merced,County,61,11580,0,175,343,127503,36,11578,90,10939,0,169,287420
296,Merced,County,149,11729,2,177,1805,129308,180,11758,209,11148,0,169,287420
297,Merced,County,187,11916,0,177,1986,131294,224,11982,120,11268,2,171,287420
298,Merced,County,189,12105,1,178,1371,132665,163,12145,78,11346,1,172,287420
299,Merced,County,58,12163,0,178,110,132775,21,12166,94,11440,0,172,287420
300,Merced,County,148,12311,2,180,1158,133933,159,12325,110,11550,0,172,287420
301,Merced,County,106,12417,2,182,499,134432,84,12409,138,11688,0,172,287420
302,Merced,County,97,12514,0,182,487,134919,71,12480,85,11773,0,172,287420
303,Merced,County,239,12753,1,183,2646,137565,301,12781,140,11913,0,172,287420
304,Merced,County,274,13027,2,185,2236,139801,315,13096,119,12032,0,172,287420
305,Merced,County,243,13270,2,187,2259,142060,281,13377,136,12168,1,173,287420
306,Merced,County,242,13512,3,190,2335,144395,246,13623,142,12310,4,177,287420
307,Merced,County,246,13758,4,194,1877,146272,302,13925,164,12474,0,177,287420
308,Merced,County,115,13873,3,197,484,146756,83,14008,273,12747,3,180,287420
309,Merced,County,105,13978,1,198,526,147282,95,14103,181,12928,-1,179,287420
310,Merced,County,335,14313,4,202,3381,150663,391,14494,322,13250,0,179,287420
311,Merced,County,360,14673,0,202,2813,153476,383,14877,130,13380,2,181,287420
312,Merced,County,308,14981,4,206,1964,155440,316,15193,208,13588,2,183,287420
313,Merced,County,238,15219,3,209,2841,158281,282,15475,168,13756,3,186,287420
314,Merced,County,246,15465,1,210,2361,160642,300,15775,282,14038,0,186,287420
315,Merced,County,119,15584,1,211,569,161211,106,15881,143,14181,2,188,287420
316,Merced,County,90,15674,3,214,536,161747,60,15941,203,14384,1,189,287420
317,Merced,County,349,16023,2,216,3212,164959,382,16323,188,14572,0,189,287420
318,Merced,County,402,16425,3,219,2765,167724,390,16713,548,15120,1,190,287420
319,Merced,County,303,16728,0,219,2062,169786,301,17014,323,15443,0,190,287420
320,Merced,County,287,17015,2,221,3033,172819,303,17317,205,15648,2,192,287420
321,Merced,County,263,17278,5,226,2281,175100,275,17592,308,15956,3,195,287420
322,Merced,County,81,17359,4,230,475,175575,88,17680,274,16230,3,198,287420
323,Merced,County,138,17497,3,233,787,176362,137,17817,205,16435,0,198,287420
324,Merced,County,317,17814,3,236,3307,179669,388,18205,275,16710,0,198,287420
325,Merced,County,247,18061,2,238,2119,181788,262,18467,302,17012,3,201,287420
326,Merced,County,245,18306,4,242,2161,183949,268,18735,238,17250,2,203,287420
327,Merced,County,156,18462,3,245,1258,185207,183,18918,235,17485,9,212,287420
328,Merced,County,71,18533,3,248,99,185306,19,18937,241,17726,1,213,287420
329,Merced,County,160,18693,6,254,528,185834,117,19054,164,17890,0,213,287420
330,Merced,County,157,18850,3,257,618,186452,88,19142,185,18075,0,213,287420
331,Merced,County,368,19218,2,259,2977,189429,456,19598,170,18245,0,213,287420
332,Merced,County,321,19539,4,263,2197,191626,357,19955,219,18464,8,221,287420
333,Merced,County,350,19889,1,264,2676,194302,351,20306,55,18519,4,225,287420
334,Merced,County,292,20181,3,267,1648,195950,283,20589,289,18808,1,226,287420
335,Merced,County,87,20268,3,270,142,196092,39,20628,310,19118,3,229,287420
336,Merced,County,184,20452,2,272,671,196763,185,20813,277,19395,1,230,287420
337,Merced,County,141,20593,3,275,826,197589,117,20930,205,19600,0,230,287420
338,Merced,County,470,21063,5,280,3502,201091,486,21416,204,19804,0,230,287420
339,Merced,County,414,21477,4,284,2828,203919,402,21818,247,20051,0,230,287420
340,Merced,County,350,21827,3,287,2074,205993,351,22169,207,20258,2,232,287420
341,Merced,County,343,22170,3,290,2804,208797,358,22527,252,20510,2,234,287420
342,Merced,County,321,22491,3,293,2283,211080,356,22883,352,20862,2,236,287420
343,Merced,County,195,22686,0,293,594,211674,172,23055,495,21357,1,237,287420
344,Merced,County,141,22827,3,296,605,212279,97,23152,334,21691,1,238,287420
345,Merced,County,275,23102,0,296,3201,215480,357,23509,193,21884,0,238,287420
346,Merced,County,324,23426,4,300,2764,218244,390,23899,288,22172,1,239,287420
347,Merced,County,250,23676,2,302,1896,220140,307,24206,325,22497,2,241,287420
348,Merced,County,240,23916,4,306,2516,222656,292,24498,283,22780,-2,239,287420
349,Merced,County,228,24144,4,310,2002,224658,293,24791,280,23060,0,239,287420
350,Merced,County,113,24257,1,311,552,225210,110,24901,418,23478,3,242,287420
351,Merced,County,89,24346,2,313,441,225651,68,24969,322,23800,0,242,287420
352,Merced,County,217,24563,5,318,2671,228322,235,25204,127,23927,0,242,287420
353,Merced,County,244,24807,5,323,2735,231057,314,25518,181,24108,0,242,287420
354,Merced,County,214,25021,6,329,1803,232860,249,25767,112,24220,1,243,287420
355,Merced,County,174,25195,2,331,2648,235508,236,26003,206,24426,2,245,287420
356,Merced,County,155,25350,3,334,1953,237461,225,26228,190,24616,45,290,287420
357,Merced,County,123,25473,2,336,584,238045,117,26345,171,24787,13,303,287420
358,Merced,County,92,25565,2,338,503,238548,87,26432,260,25047,2,305,287420
359,Merced,County,213,25778,2,340,3157,241705,301,26733,134,25181,0,305,287420
360,Merced,County,139,25917,8,348,2372,244077,186,26919,178,25359,4,309,287420
361,Merced,County,140,26057,3,351,1322,245399,168,27087,80,25439,6,315,287420
362,Merced,County,159,26216,3,354,2415,247814,211,27298,181,25620,13,328,287420
363,Merced,County,124,26340,3,357,1735,249549,152,27450,245,25865,6,334,287420
364,Merced,County,75,26415,1,358,442,249991,77,27527,213,26078,1,335,287420
365,Merced,County,75,26490,2,360,408,250399,59,27586,144,26222,2,337,287420
366,Merced,County,144,26634,2,362,2836,253235,162,27748,60,26282,0,337,287420
367,Merced,County,126,26760,1,363,2321,255556,177,27925,145,26427,3,340,287420
368,Merced,County,96,26856,3,366,1265,256821,131,28056,93,26520,3,343,287420
369,Merced,County,116,26972,1,367,2321,259142,116,28172,109,26629,2,345,287420
370,Merced,County,93,27065,4,371,1670,260812,121,28293,131,26760,0,345,287420
371,Merced,County,60,27125,2,373,347,261159,59,28352,121,26881,1,346,287420
372,Merced,County,85,27210,1,374,464,261623,83,28435,96,26977,0,346,287420
373,Merced,County,111,27321,1,375,2965,264588,176,28611,105,27082,0,346,287420
374,Merced,County,84,27405,4,379,2280,266868,114,28725,84,27166,8,354,287420
375,Merced,County,98,27503,3,382,1568,268436,123,28848,80,27246,5,359,287420
376,Merced,County,82,27585,2,384,2680,271116,115,28963,79,27325,4,363,287420
377,Merced,County,65,27650,0,384,1792,272908,81,29044,128,27453,4,367,287420
378,Merced,County,51,27701,5,389,330,273238,46,29090,88,27541,1,368,287420
379,Merced,County,44,27745,1,390,234,273472,37,29127,60,27601,0,368,287420
380,Merced,County,77,27822,0,390,1300,274772,99,29226,55,27656,0,368,287420
381,Merced,County,75,27897,1,391,2227,276999,134,29360,68,27724,0,368,287420
382,Merced,County,72,27969,1,392,1424,278423,102,29462,100,27824,4,372,287420
383,Merced,County,54,28023,1,393,2189,280612,77,29539,46,27870,0,372,287420
384,Merced,County,50,28073,2,395,1123,281735,88,29627,115,27985,4,376,287420
385,Merced,County,31,28104,3,398,286,282021,28,29655,81,28066,3,379,287420
386,Merced,County,45,28149,0,398,303,282324,32,29687,40,28106,0,379,287420
387,Merced,County,90,28239,4,402,2717,285041,114,29801,60,28166,0,379,287420
388,Merced,County,68,28307,0,402,1627,286668,101,29902,43,28209,2,381,287420
389,Merced,County,88,28395,3,405,1078,287746,84,29986,86,28295,2,383,287420
390,Merced,County,39,28434,0,405,2093,289839,72,30058,88,28383,-1,382,287420
391,Merced,County,50,28484,1,406,1426,291265,85,30143,72,28455,0,382,287420
392,Merced,County,32,28516,1,407,354,291619,29,30172,46,28501,2,384,287420
393,Merced,County,41,28557,0,407,547,292166,41,30213,45,28546,0,384,287420
394,Merced,County,63,28620,1,408,1996,294162,92,30305,29,28575,1,385,287420
395,Merced,County,45,28665,2,410,998,295160,64,30369,23,28598,4,389,287420
396,Merced,County,57,28722,1,411,978,296138,82,30451,27,28625,4,393,287420
397,Merced,County,53,28775,1,412,1133,297271,64,30515,46,28671,3,396,287420
398,Merced,County,50,28825,0,412,907,298178,63,30578,63,28734,3,399,287420
399,Merced,County,34,28859,2,414,248,298426,33,30611,37,28771,0,399,287420
400,Merced,County,42,28901,1,415,320,298746,42,30653,58,28829,0,399,287420
401,Merced,County,72,28973,1,416,2103,300849,92,30745,12,28841,-1,398,287420
402,Merced,County,61,29034,3,419,1617,302466,79,30824,35,28876,1,399,287420
403,Merced,County,61,29095,0,419,1480,303946,82,30906,51,28927,2,401,287420
404,Merced,County,37,29132,3,422,1609,305555,47,30953,74,29001,0,401,287420
405,Merced,County,49,29181,2,424,1190,306745,70,31023,63,29064,2,403,287420
406,Merced,County,31,29212,1,425,329,307074,28,31051,42,29106,3,406,287420
407,Merced,County,31,29243,0,425,213,307287,19,31070,43,29149,1,407,287420
408,Merced,County,68,29311,3,428,2342,309629,103,31173,20,29169,0,407,287420
409,Merced,County,40,29351,0,428,1008,310637,60,31233,29,29198,0,407,287420
410,Merced,County,53,29404,1,429,1238,311875,82,31315,52,29250,1,408,287420
411,Merced,County,28,29432,1,430,1107,312982,48,31363,67,29317,2,410,287420
412,Merced,County,35,29467,1,431,1185,314167,53,31416,59,29376,2,412,287420
413,Merced,County,29,29496,0,431,451,314618,32,31448,35,29411,0,412,287420
414,Merced,County,31,29527,0,431,271,314889,14,31462,35,29446,1,413,287420
415,Merced,County,60,29587,1,432,2508,317397,77,31539,22,29468,0,413,287420
416,Merced,County,43,29630,0,432,1464,318861,59,31598,17,29485,2,415,287420
417,Merced,County,32,29662,1,433,1332,320193,40,31638,40,29525,0,415,287420
418,Merced,County,41,29703,2,435,1113,321306,75,31713,51,29576,1,416,287420
419,Merced,County,34,29737,1,436,1085,322391,57,31770,37,29613,3,419,287420
420,Merced,County,23,29760,0,436,363,322754,24,31794,34,29647,3,422,287420
421,Merced,County,33,29793,2,438,231,322985,26,31820,32,29679,0,422,287420
422,Merced,County,57,29850,0,438,2277,325262,70,31890,20,29699,0,422,287420
423,Merced,County,24,29874,0,438,1130,326392,40,31930,32,29731,1,423,287420
424,Merced,County,36,29910,1,439,978,327370,53,31983,49,29780,0,423,287420
425,Merced,County,29,29939,1,440,970,328340,41,32024,40,29820,2,425,287420
243,Modoc,County,0,29,0,0,3,2141,0,17,0,26,0,0,9475
244,Modoc,County,0,29,0,0,5,2146,0,17,0,26,0,0,9475
245,Modoc,County,0,29,0,0,4,2150,0,17,0,26,0,0,9475
246,Modoc,County,0,29,0,0,1,2151,0,17,0,26,0,0,9475
247,Modoc,County,0,29,0,0,15,2166,0,17,0,26,0,0,9475
248,Modoc,County,0,29,0,0,17,2183,0,17,0,26,0,0,9475
249,Modoc,County,0,29,0,0,8,2191,0,17,1,27,0,0,9475
250,Modoc,County,0,29,0,0,7,2198,0,17,0,27,0,0,9475
251,Modoc,County,0,29,0,0,7,2205,0,17,0,27,0,0,9475
252,Modoc,County,0,29,0,0,0,2205,0,17,0,27,0,0,9475
253,Modoc,County,0,29,0,0,0,2205,0,17,0,27,0,0,9475
254,Modoc,County,0,29,0,0,17,2222,0,17,0,27,0,0,9475
255,Modoc,County,0,29,0,0,7,2229,0,17,1,28,0,0,9475
256,Modoc,County,1,30,0,0,16,2245,0,17,-1,27,0,0,9475
257,Modoc,County,0,30,0,0,19,2264,0,17,-1,26,0,0,9475
258,Modoc,County,0,30,0,0,2,2266,0,17,0,26,0,0,9475
259,Modoc,County,0,30,0,0,2,2268,0,17,0,26,0,0,9475
260,Modoc,County,0,30,0,0,4,2272,0,17,0,26,0,0,9475
261,Modoc,County,1,31,0,0,7,2279,1,18,0,26,0,0,9475
262,Modoc,County,1,32,0,0,16,2295,0,18,0,26,0,0,9475
263,Modoc,County,1,33,0,0,4,2299,1,19,0,26,0,0,9475
264,Modoc,County,1,34,0,0,8,2307,0,19,0,26,0,0,9475
265,Modoc,County,4,38,0,0,32,2339,0,19,2,28,0,0,9475
266,Modoc,County,0,38,0,0,4,2343,0,19,0,28,0,0,9475
267,Modoc,County,1,39,0,0,1,2344,1,20,0,28,0,0,9475
268,Modoc,County,5,44,0,0,49,2393,3,23,0,28,0,0,9475
269,Modoc,County,2,46,0,0,25,2418,1,24,3,31,0,0,9475
270,Modoc,County,2,48,0,0,14,2432,0,24,0,31,0,0,9475
271,Modoc,County,1,49,0,0,32,2464,1,25,0,31,0,0,9475
272,Modoc,County,2,51,0,0,40,2504,1,26,3,34,0,0,9475
273,Modoc,County,1,52,0,0,2,2506,0,26,0,34,0,0,9475
274,Modoc,County,1,53,0,0,7,2513,1,27,11,45,0,0,9475
275,Modoc,County,1,54,0,0,23,2536,2,29,0,45,0,0,9475
276,Modoc,County,3,57,0,0,29,2565,2,31,2,47,0,0,9475
277,Modoc,County,2,59,0,0,32,2597,0,31,0,47,0,0,9475
278,Modoc,County,10,69,0,0,45,2642,7,38,0,47,0,0,9475
279,Modoc,County,1,70,0,0,8,2650,1,39,1,48,0,0,9475
280,Modoc,County,0,70,0,0,2,2652,0,39,3,51,0,0,9475
281,Modoc,County,0,70,0,0,5,2657,0,39,3,54,0,0,9475
282,Modoc,County,4,74,0,0,17,2674,2,41,0,54,0,0,9475
283,Modoc,County,4,78,0,0,32,2706,0,41,7,61,0,0,9475
284,Modoc,County,2,80,0,0,17,2723,2,43,1,62,0,0,9475
285,Modoc,County,4,84,0,0,32,2755,3,46,1,63,0,0,9475
286,Modoc,County,0,84,0,0,10,2765,0,46,0,63,0,0,9475
287,Modoc,County,0,84,0,0,2,2767,0,46,1,64,0,0,9475
288,Modoc,County,1,85,0,0,5,2772,0,46,4,68,0,0,9475
289,Modoc,County,1,86,0,0,19,2791,1,47,3,71,0,0,9475
290,Modoc,County,2,88,0,0,15,2806,0,47,0,71,0,0,9475
291,Modoc,County,6,94,0,0,23,2829,3,50,6,77,0,0,9475
292,Modoc,County,3,97,0,0,27,2856,1,51,5,82,0,0,9475
293,Modoc,County,3,100,0,0,6,2862,1,52,1,83,0,0,9475
294,Modoc,County,0,100,0,0,3,2865,0,52,4,87,0,0,9475
295,Modoc,County,4,104,0,0,12,2877,3,55,0,87,0,0,9475
296,Modoc,County,1,105,0,0,16,2893,1,56,4,91,0,0,9475
297,Modoc,County,14,119,0,0,26,2919,10,66,0,91,0,0,9475
298,Modoc,County,4,123,0,0,14,2933,2,68,5,96,0,0,9475
299,Modoc,County,0,123,0,0,0,2933,0,68,4,100,0,0,9475
300,Modoc,County,2,125,0,0,3,2936,0,68,0,100,0,0,9475
301,Modoc,County,1,126,0,0,0,2936,0,68,3,103,0,0,9475
302,Modoc,County,3,129,0,0,7,2943,1,69,2,105,0,0,9475
303,Modoc,County,4,133,0,0,16,2959,1,70,8,113,0,0,9475
304,Modoc,County,10,143,0,0,41,3000,7,77,0,113,0,0,9475
305,Modoc,County,5,148,0,0,29,3029,6,83,0,113,0,0,9475
306,Modoc,County,3,151,0,0,30,3059,2,85,1,114,0,0,9475
307,Modoc,County,2,153,0,0,7,3066,2,87,1,115,0,0,9475
308,Modoc,County,0,153,0,0,1,3067,0,87,3,118,0,0,9475
309,Modoc,County,0,153,0,0,3,3070,0,87,7,125,0,0,9475
310,Modoc,County,13,166,0,0,18,3088,3,90,3,128,0,0,9475
311,Modoc,County,7,173,0,0,43,3131,6,96,10,138,0,0,9475
312,Modoc,County,8,181,0,0,24,3155,1,97,8,146,0,0,9475
313,Modoc,County,5,186,0,0,17,3172,0,97,19,165,0,0,9475
314,Modoc,County,5,191,0,0,4,3176,0,97,3,168,0,0,9475
315,Modoc,County,0,191,0,0,1,3177,0,97,1,169,0,0,9475
316,Modoc,County,1,192,0,0,9,3186,0,97,10,179,0,0,9475
317,Modoc,County,12,204,0,0,31,3217,2,99,1,180,0,0,9475
318,Modoc,County,6,210,0,0,50,3267,1,100,-1,179,0,0,9475
319,Modoc,County,2,212,0,0,33,3300,0,100,-1,178,0,0,9475
320,Modoc,County,3,215,0,0,28,3328,0,100,1,179,0,0,9475
321,Modoc,County,3,218,0,0,7,3335,0,100,0,179,0,0,9475
322,Modoc,County,0,218,0,0,1,3336,0,100,2,181,0,0,9475
323,Modoc,County,3,221,0,0,8,3344,0,100,0,181,0,0,9475
324,Modoc,County,0,221,0,0,32,3376,0,100,0,181,0,0,9475
325,Modoc,County,14,235,0,0,28,3404,1,101,1,182,0,0,9475
326,Modoc,County,8,243,0,0,46,3450,0,101,15,197,0,0,9475
327,Modoc,County,4,247,0,0,8,3458,0,101,23,220,0,0,9475
328,Modoc,County,0,247,0,0,2,3460,0,101,1,221,0,0,9475
329,Modoc,County,1,248,0,0,4,3464,0,101,1,222,0,0,9475
330,Modoc,County,3,251,0,0,8,3472,3,104,-1,221,0,0,9475
331,Modoc,County,9,260,0,0,35,3507,4,108,-1,220,0,0,9475
332,Modoc,County,5,265,0,0,56,3563,3,111,12,232,0,0,9475
333,Modoc,County,3,268,0,0,50,3613,5,116,2,234,0,0,9475
334,Modoc,County,3,271,0,0,13,3626,3,119,4,238,0,0,9475
335,Modoc,County,0,271,0,0,1,3627,0,119,3,241,0,0,9475
336,Modoc,County,0,271,0,0,0,3627,0,119,4,245,0,0,9475
337,Modoc,County,1,272,0,0,5,3632,2,121,0,245,0,0,9475
338,Modoc,County,4,276,0,0,28,3660,0,121,5,250,0,0,9475
339,Modoc,County,16,292,0,0,63,3723,4,125,4,254,0,0,9475
340,Modoc,County,0,292,1,1,31,3754,0,125,9,263,0,0,9475
341,Modoc,County,0,292,1,2,20,3774,0,125,2,265,0,0,9475
342,Modoc,County,0,292,0,2,5,3779,0,125,1,266,0,0,9475
343,Modoc,County,0,292,0,2,3,3782,0,125,5,271,0,0,9475
344,Modoc,County,0,292,0,2,6,3788,0,125,0,271,0,0,9475
345,Modoc,County,0,292,0,2,34,3822,0,125,0,271,0,0,9475
346,Modoc,County,1,293,0,2,31,3853,1,126,3,274,0,0,9475
347,Modoc,County,2,295,0,2,30,3883,1,127,0,274,0,0,9475
348,Modoc,County,1,296,0,2,39,3922,0,127,-1,273,0,0,9475
349,Modoc,County,0,296,0,2,13,3935,0,127,5,278,0,0,9475
350,Modoc,County,0,296,0,2,3,3938,0,127,0,278,0,0,9475
351,Modoc,County,0,296,0,2,1,3939,0,127,1,279,0,0,9475
352,Modoc,County,1,297,0,2,45,3984,0,127,2,281,0,0,9475
353,Modoc,County,3,300,0,2,43,4027,1,128,0,281,0,0,9475
354,Modoc,County,1,301,0,2,36,4063,1,129,1,282,0,0,9475
355,Modoc,County,1,302,0,2,39,4102,1,130,2,284,0,0,9475
356,Modoc,County,3,305,0,2,8,4110,1,131,1,285,0,0,9475
357,Modoc,County,0,305,2,4,5,4115,0,131,0,285,0,0,9475
358,Modoc,County,0,305,0,4,2,4117,0,131,0,285,0,0,9475
359,Modoc,County,0,305,0,4,45,4162,1,132,3,288,0,0,9475
360,Modoc,County,1,306,0,4,43,4205,0,132,3,291,0,0,9475
361,Modoc,County,7,313,0,4,37,4242,7,139,6,297,0,0,9475
362,Modoc,County,0,313,0,4,33,4275,0,139,0,297,0,0,9475
363,Modoc,County,1,314,0,4,14,4289,0,139,0,297,1,1,9475
364,Modoc,County,1,315,0,4,5,4294,1,140,6,303,0,1,9475
365,Modoc,County,0,315,0,4,1,4295,0,140,1,304,0,1,9475
366,Modoc,County,3,318,0,4,43,4338,3,143,-1,303,0,1,9475
367,Modoc,County,6,324,0,4,60,4398,5,148,3,306,2,3,9475
368,Modoc,County,5,329,0,4,39,4437,3,151,2,308,0,3,9475
369,Modoc,County,1,330,0,4,44,4481,1,152,1,309,0,3,9475
370,Modoc,County,0,330,0,4,24,4505,0,152,3,312,0,3,9475
371,Modoc,County,0,330,0,4,3,4508,0,152,1,313,0,3,9475
372,Modoc,County,0,330,0,4,4,4512,0,152,4,317,0,3,9475
373,Modoc,County,0,330,0,4,52,4564,0,152,1,318,0,3,9475
374,Modoc,County,2,332,0,4,50,4614,1,153,-2,316,0,3,9475
375,Modoc,County,1,333,0,4,15,4629,0,153,-1,315,0,3,9475
376,Modoc,County,1,334,0,4,55,4684,0,153,2,317,0,3,9475
377,Modoc,County,1,335,0,4,15,4699,0,153,7,324,0,3,9475
378,Modoc,County,0,335,0,4,0,4699,0,153,1,325,0,3,9475
379,Modoc,County,0,335,0,4,2,4701,0,153,1,326,0,3,9475
380,Modoc,County,0,335,0,4,42,4743,0,153,0,326,0,3,9475
381,Modoc,County,0,335,0,4,37,4780,0,153,0,326,0,3,9475
382,Modoc,County,0,335,0,4,42,4822,0,153,1,327,0,3,9475
383,Modoc,County,0,335,0,4,40,4862,0,153,0,327,0,3,9475
384,Modoc,County,2,337,0,4,13,4875,0,153,1,328,0,3,9475
385,Modoc,County,0,337,0,4,2,4877,0,153,0,328,0,3,9475
386,Modoc,County,0,337,0,4,7,4884,0,153,1,329,0,3,9475
387,Modoc,County,3,340,0,4,57,4941,1,154,0,329,0,3,9475
388,Modoc,County,0,340,0,4,28,4969,0,154,-1,328,0,3,9475
389,Modoc,County,1,341,0,4,35,5004,1,155,1,329,0,3,9475
390,Modoc,County,1,342,0,4,47,5051,0,155,0,329,0,3,9475
391,Modoc,County,0,342,0,4,15,5066,0,155,1,330,0,3,9475
392,Modoc,County,1,343,0,4,2,5068,1,156,1,331,0,3,9475
393,Modoc,County,0,343,0,4,3,5071,0,156,0,331,0,3,9475
394,Modoc,County,0,343,0,4,38,5109,1,157,0,331,0,3,9475
395,Modoc,County,3,346,0,4,46,5155,1,158,1,332,0,3,9475
396,Modoc,County,0,346,0,4,37,5192,0,158,1,333,0,3,9475
397,Modoc,County,0,346,0,4,15,5207,0,158,3,336,0,3,9475
398,Modoc,County,1,347,0,4,15,5222,0,158,1,337,0,3,9475
399,Modoc,County,0,347,0,4,5,5227,0,158,1,338,0,3,9475
400,Modoc,County,1,348,0,4,7,5234,0,158,0,338,0,3,9475
401,Modoc,County,0,348,0,4,30,5264,1,159,0,338,0,3,9475
402,Modoc,County,0,348,0,4,8,5272,0,159,0,338,0,3,9475
403,Modoc,County,0,348,0,4,15,5287,0,159,0,338,0,3,9475
404,Modoc,County,1,349,0,4,16,5303,1,160,2,340,0,3,9475
405,Modoc,County,0,349,0,4,1,5304,0,160,0,340,0,3,9475
406,Modoc,County,0,349,0,4,0,5304,0,160,0,340,0,3,9475
407,Modoc,County,0,349,0,4,1,5305,0,160,0,340,0,3,9475
408,Modoc,County,0,349,0,4,10,5315,0,160,0,340,0,3,9475
409,Modoc,County,0,349,0,4,17,5332,0,160,1,341,0,3,9475
410,Modoc,County,0,349,0,4,9,5341,0,160,0,341,0,3,9475
411,Modoc,County,0,349,0,4,12,5353,0,160,0,341,0,3,9475
412,Modoc,County,0,349,0,4,8,5361,0,160,0,341,0,3,9475
413,Modoc,County,0,349,0,4,1,5362,0,160,0,341,0,3,9475
414,Modoc,County,1,350,0,4,0,5362,0,160,0,341,0,3,9475
415,Modoc,County,0,350,0,4,14,5376,0,160,1,342,0,3,9475
416,Modoc,County,2,352,0,4,7,5383,1,161,0,342,0,3,9475
417,Modoc,County,1,353,0,4,15,5398,0,161,-1,341,0,3,9475
418,Modoc,County,1,354,0,4,7,5405,1,162,2,343,0,3,9475
419,Modoc,County,0,354,0,4,3,5408,0,162,1,344,0,3,9475
420,Modoc,County,0,354,0,4,5,5413,0,162,0,344,0,3,9475
421,Modoc,County,0,354,0,4,0,5413,0,162,0,344,0,3,9475
422,Modoc,County,0,354,0,4,17,5430,0,162,0,344,0,3,9475
423,Modoc,County,1,355,0,4,9,5439,0,162,2,346,0,3,9475
424,Modoc,County,1,356,0,4,5,5444,1,163,0,346,0,3,9475
425,Modoc,County,0,356,0,4,6,5450,0,163,0,346,0,3,9475
243,Mono,County,0,169,0,2,19,4475,0,165,0,150,0,1,13961
244,Mono,County,2,171,0,2,72,4547,3,168,0,150,0,1,13961
245,Mono,County,0,171,0,2,6,4553,0,168,2,152,0,1,13961
246,Mono,County,1,172,0,2,1,4554,0,168,0,152,0,1,13961
247,Mono,County,1,173,0,2,17,4571,0,168,0,152,0,1,13961
248,Mono,County,0,173,0,2,48,4619,0,168,1,153,0,1,13961
249,Mono,County,0,173,0,2,40,4659,0,168,0,153,0,1,13961
250,Mono,County,1,174,0,2,40,4699,1,169,0,153,0,1,13961
251,Mono,County,0,174,0,2,77,4776,0,169,1,154,0,1,13961
252,Mono,County,0,174,0,2,11,4787,0,169,0,154,0,1,13961
253,Mono,County,0,174,0,2,0,4787,0,169,0,154,0,1,13961
254,Mono,County,0,174,0,2,28,4815,0,169,0,154,0,1,13961
255,Mono,County,0,174,0,2,58,4873,1,170,1,155,0,1,13961
256,Mono,County,0,174,0,2,61,4934,0,170,0,155,0,1,13961
257,Mono,County,0,174,0,2,10,4944,0,170,0,155,0,1,13961
258,Mono,County,0,174,0,2,53,4997,0,170,0,155,0,1,13961
259,Mono,County,2,176,0,2,3,5000,0,170,0,155,0,1,13961
260,Mono,County,1,177,0,2,4,5004,0,170,0,155,0,1,13961
261,Mono,County,5,182,0,2,28,5032,5,175,1,156,0,1,13961
262,Mono,County,5,187,0,2,86,5118,8,183,0,156,0,1,13961
263,Mono,County,0,187,0,2,55,5173,0,183,0,156,0,1,13961
264,Mono,County,2,189,0,2,18,5191,4,187,0,156,0,1,13961
265,Mono,County,5,194,0,2,127,5318,5,192,3,159,0,1,13961
266,Mono,County,1,195,0,2,10,5328,0,192,8,167,0,1,13961
267,Mono,County,14,209,0,2,46,5374,13,205,0,167,0,1,13961
268,Mono,County,8,217,0,2,69,5443,6,211,0,167,0,1,13961
269,Mono,County,6,223,0,2,43,5486,5,216,2,169,0,1,13961
270,Mono,County,14,237,0,2,123,5609,12,228,7,176,0,1,13961
271,Mono,County,18,255,0,2,119,5728,17,245,0,176,0,1,13961
272,Mono,County,7,262,0,2,105,5833,10,255,17,193,0,1,13961
273,Mono,County,1,263,0,2,4,5837,0,255,1,194,0,1,13961
274,Mono,County,149,412,0,2,943,6780,148,403,17,211,0,1,13961
275,Mono,County,30,442,0,2,199,6979,30,433,0,211,0,1,13961
276,Mono,County,2,444,0,2,35,7014,0,433,-1,210,0,1,13961
277,Mono,County,4,448,0,2,81,7095,7,440,27,237,0,1,13961
278,Mono,County,3,451,0,2,65,7160,5,445,70,307,0,1,13961
279,Mono,County,2,453,0,2,60,7220,0,445,1,308,0,1,13961
280,Mono,County,5,458,0,2,1,7221,0,445,44,352,1,2,13961
281,Mono,County,3,461,0,2,6,7227,0,445,0,352,0,2,13961
282,Mono,County,6,467,0,2,52,7279,4,449,0,352,0,2,13961
283,Mono,County,3,470,0,2,124,7403,14,463,91,443,0,2,13961
284,Mono,County,2,472,0,2,93,7496,8,471,0,443,0,2,13961
285,Mono,County,2,474,0,2,50,7546,3,474,-1,442,0,2,13961
286,Mono,County,1,475,0,2,29,7575,2,476,6,448,0,2,13961
287,Mono,County,0,475,0,2,6,7581,0,476,5,453,0,2,13961
288,Mono,County,0,475,0,2,15,7596,0,476,0,453,0,2,13961
289,Mono,County,2,477,0,2,185,7781,4,480,0,453,0,2,13961
290,Mono,County,2,479,0,2,42,7823,4,484,6,459,0,2,13961
291,Mono,County,5,484,0,2,29,7852,1,485,9,468,0,2,13961
292,Mono,County,5,489,1,3,122,7974,5,490,0,468,0,2,13961
293,Mono,County,8,497,0,3,34,8008,1,491,1,469,0,2,13961
294,Mono,County,2,499,0,3,5,8013,0,491,0,469,0,2,13961
295,Mono,County,5,504,0,3,34,8047,1,492,12,481,0,2,13961
296,Mono,County,15,519,0,3,156,8203,21,513,-1,480,0,2,13961
297,Mono,County,13,532,0,3,108,8311,19,532,3,483,0,2,13961
298,Mono,County,4,536,0,3,20,8331,2,534,4,487,0,2,13961
299,Mono,County,5,541,0,3,0,8331,0,534,-2,485,0,2,13961
300,Mono,County,8,549,0,3,26,8357,2,536,13,498,1,3,13961
301,Mono,County,4,553,0,3,9,8366,2,538,7,505,0,3,13961
302,Mono,County,6,559,0,3,24,8390,6,544,10,515,0,3,13961
303,Mono,County,23,582,0,3,258,8648,38,582,4,519,0,3,13961
304,Mono,County,22,604,0,3,103,8751,29,611,1,520,0,3,13961
305,Mono,County,10,614,0,3,59,8810,4,615,0,520,0,3,13961
306,Mono,County,9,623,0,3,125,8935,17,632,7,527,0,3,13961
307,Mono,County,21,644,0,3,84,9019,25,657,22,549,0,3,13961
308,Mono,County,5,649,0,3,3,9022,0,657,5,554,0,3,13961
309,Mono,County,5,654,0,3,15,9037,0,657,32,586,0,3,13961
310,Mono,County,22,676,0,3,231,9268,37,694,4,590,0,3,13961
311,Mono,County,10,686,0,3,104,9372,8,702,7,597,0,3,13961
312,Mono,County,19,705,0,3,177,9549,39,741,4,601,0,3,13961
313,Mono,County,15,720,0,3,156,9705,19,760,0,601,0,3,13961
314,Mono,County,6,726,0,3,79,9784,5,765,30,631,0,3,13961
315,Mono,County,9,735,0,3,17,9801,6,771,9,640,0,3,13961
316,Mono,County,7,742,0,3,20,9821,4,775,35,675,0,3,13961
317,Mono,County,16,758,0,3,162,9983,19,794,10,685,0,3,13961
318,Mono,County,8,766,0,3,51,10034,14,808,17,702,0,3,13961
319,Mono,County,16,782,0,3,162,10196,26,834,0,702,0,3,13961
320,Mono,County,17,799,0,3,154,10350,36,870,16,718,0,3,13961
321,Mono,County,9,808,0,3,47,10397,3,873,13,731,0,3,13961
322,Mono,County,6,814,0,3,18,10415,7,880,35,766,0,3,13961
323,Mono,County,4,818,0,3,14,10429,4,884,8,774,0,3,13961
324,Mono,County,21,839,0,3,216,10645,37,921,7,781,0,3,13961
325,Mono,County,12,851,0,3,54,10699,11,932,5,786,0,3,13961
326,Mono,County,10,861,0,3,106,10805,21,953,28,814,0,3,13961
327,Mono,County,2,863,0,3,21,10826,3,956,3,817,0,3,13961
328,Mono,County,2,865,0,3,3,10829,0,956,26,843,0,3,13961
329,Mono,County,2,867,0,3,9,10838,0,956,7,850,0,3,13961
330,Mono,County,6,873,0,3,4,10842,1,957,-1,849,0,3,13961
331,Mono,County,19,892,0,3,199,11041,27,984,-1,848,0,3,13961
332,Mono,County,4,896,0,3,52,11093,3,987,20,868,0,3,13961
333,Mono,County,9,905,0,3,118,11211,12,999,0,868,0,3,13961
334,Mono,County,3,908,0,3,17,11228,0,999,0,868,0,3,13961
335,Mono,County,7,915,0,3,8,11236,3,1002,16,884,0,3,13961
336,Mono,County,18,933,0,3,11,11247,2,1004,0,884,0,3,13961
337,Mono,County,10,943,0,3,19,11266,4,1008,9,893,0,3,13961
338,Mono,County,25,968,0,3,212,11478,48,1056,2,895,0,3,13961
339,Mono,County,11,979,0,3,99,11577,10,1066,1,896,0,3,13961
340,Mono,County,6,985,0,3,31,11608,5,1071,9,905,0,3,13961
341,Mono,County,31,1016,0,3,227,11835,50,1121,0,905,0,3,13961
342,Mono,County,11,1027,0,3,60,11895,5,1126,46,951,0,3,13961
343,Mono,County,10,1037,0,3,7,11902,2,1128,13,964,0,3,13961
344,Mono,County,5,1042,0,3,17,11919,2,1130,1,965,0,3,13961
345,Mono,County,17,1059,0,3,292,12211,57,1187,41,1006,0,3,13961
346,Mono,County,6,1065,0,3,59,12270,5,1192,2,1008,0,3,13961
347,Mono,County,9,1074,0,3,43,12313,5,1197,9,1017,0,3,13961
348,Mono,County,4,1078,0,3,125,12438,7,1204,3,1020,0,3,13961
349,Mono,County,8,1086,0,3,183,12621,17,1221,37,1057,0,3,13961
350,Mono,County,3,1089,0,3,10,12631,1,1222,22,1079,0,3,13961
351,Mono,County,1,1090,0,3,4,12635,0,1222,12,1091,0,3,13961
352,Mono,County,6,1096,0,3,176,12811,10,1232,10,1101,0,3,13961
353,Mono,County,3,1099,0,3,52,12863,2,1234,5,1106,0,3,13961
354,Mono,County,1,1100,0,3,52,12915,6,1240,-1,1105,0,3,13961
355,Mono,County,7,1107,0,3,120,13035,16,1256,-1,1104,0,3,13961
356,Mono,County,5,1112,0,3,38,13073,4,1260,4,1108,0,3,13961
357,Mono,County,0,1112,0,3,15,13088,2,1262,3,1111,0,3,13961
358,Mono,County,2,1114,0,3,4,13092,0,1262,2,1113,0,3,13961
359,Mono,County,7,1121,0,3,95,13187,8,1270,1,1114,0,3,13961
360,Mono,County,3,1124,0,3,52,13239,5,1275,6,1120,0,3,13961
361,Mono,County,1,1125,0,3,10,13249,1,1276,11,1131,0,3,13961
362,Mono,County,2,1127,0,3,9,13258,0,1276,0,1131,0,3,13961
363,Mono,County,2,1129,0,3,14,13272,1,1277,8,1139,0,3,13961
364,Mono,County,2,1131,0,3,8,13280,0,1277,4,1143,0,3,13961
365,Mono,County,0,1131,0,3,7,13287,0,1277,3,1146,0,3,13961
366,Mono,County,3,1134,0,3,93,13380,6,1283,-1,1145,0,3,13961
367,Mono,County,3,1137,0,3,80,13460,3,1286,2,1147,0,3,13961
368,Mono,County,2,1139,0,3,26,13486,2,1288,-1,1146,0,3,13961
369,Mono,County,7,1146,0,3,62,13548,8,1296,7,1153,0,3,13961
370,Mono,County,2,1148,0,3,50,13598,5,1301,4,1157,0,3,13961
371,Mono,County,1,1149,0,3,9,13607,0,1301,2,1159,0,3,13961
372,Mono,County,1,1150,0,3,7,13614,2,1303,6,1165,0,3,13961
373,Mono,County,3,1153,0,3,72,13686,6,1309,0,1165,0,3,13961
374,Mono,County,0,1153,0,3,90,13776,1,1310,2,1167,0,3,13961
375,Mono,County,1,1154,0,3,13,13789,0,1310,3,1170,0,3,13961
376,Mono,County,4,1158,0,3,75,13864,7,1317,3,1173,0,3,13961
377,Mono,County,4,1162,0,3,28,13892,1,1318,-1,1172,0,3,13961
378,Mono,County,1,1163,0,3,12,13904,2,1320,4,1176,0,3,13961
379,Mono,County,0,1163,0,3,0,13904,0,1320,4,1180,0,3,13961
380,Mono,County,1,1164,0,3,69,13973,1,1321,-2,1178,0,3,13961
381,Mono,County,3,1167,0,3,41,14014,3,1324,2,1180,0,3,13961
382,Mono,County,0,1167,0,3,14,14028,0,1324,0,1180,0,3,13961
383,Mono,County,0,1167,0,3,66,14094,2,1326,2,1182,0,3,13961
384,Mono,County,0,1167,0,3,26,14120,0,1326,4,1186,0,3,13961
385,Mono,County,0,1167,0,3,9,14129,0,1326,1,1187,0,3,13961
386,Mono,County,1,1168,0,3,10,14139,1,1327,2,1189,0,3,13961
387,Mono,County,0,1168,0,3,63,14202,1,1328,0,1189,0,3,13961
388,Mono,County,4,1172,0,3,59,14261,3,1331,0,1189,0,3,13961
389,Mono,County,0,1172,0,3,7,14268,0,1331,0,1189,0,3,13961
390,Mono,County,2,1174,0,3,58,14326,1,1332,1,1190,0,3,13961
391,Mono,County,1,1175,0,3,28,14354,1,1333,1,1191,0,3,13961
392,Mono,County,2,1177,0,3,13,14367,0,1333,0,1191,0,3,13961
393,Mono,County,2,1179,0,3,7,14374,0,1333,1,1192,0,3,13961
394,Mono,County,3,1182,0,3,87,14461,5,1338,0,1192,0,3,13961
395,Mono,County,1,1183,0,3,52,14513,2,1340,-1,1191,0,3,13961
396,Mono,County,1,1184,0,3,90,14603,0,1340,0,1191,0,3,13961
397,Mono,County,0,1184,0,3,67,14670,1,1341,6,1197,0,3,13961
398,Mono,County,0,1184,0,3,31,14701,1,1342,0,1197,0,3,13961
399,Mono,County,1,1185,0,3,21,14722,0,1342,1,1198,0,3,13961
400,Mono,County,1,1186,0,3,14,14736,1,1343,1,1199,0,3,13961
401,Mono,County,2,1188,0,3,93,14829,4,1347,1,1200,0,3,13961
402,Mono,County,1,1189,0,3,55,14884,0,1347,3,1203,0,3,13961
403,Mono,County,1,1190,0,3,52,14936,2,1349,1,1204,0,3,13961
404,Mono,County,3,1193,0,3,54,14990,0,1349,2,1206,0,3,13961
405,Mono,County,1,1194,0,3,59,15049,1,1350,0,1206,0,3,13961
406,Mono,County,1,1195,0,3,22,15071,0,1350,1,1207,0,3,13961
407,Mono,County,0,1195,0,3,12,15083,0,1350,-1,1206,0,3,13961
408,Mono,County,6,1201,0,3,123,15206,5,1355,0,1206,0,3,13961
409,Mono,County,1,1202,0,3,72,15278,2,1357,1,1207,0,3,13961
410,Mono,County,1,1203,0,3,100,15378,5,1362,5,1212,0,3,13961
411,Mono,County,2,1205,0,3,48,15426,2,1364,3,1215,0,3,13961
412,Mono,County,4,1209,0,3,69,15495,6,1370,29,1244,0,3,13961
413,Mono,County,2,1211,0,3,41,15536,1,1371,12,1256,0,3,13961
414,Mono,County,0,1211,0,3,14,15550,0,1371,7,1263,0,3,13961
415,Mono,County,5,1216,0,3,64,15614,1,1372,0,1263,0,3,13961
416,Mono,County,5,1221,0,3,93,15707,5,1377,0,1263,0,3,13961
417,Mono,County,1,1222,0,3,118,15825,3,1380,-20,1243,0,3,13961
418,Mono,County,1,1223,0,3,38,15863,2,1382,-8,1235,0,3,13961
419,Mono,County,0,1223,0,3,126,15989,3,1385,1,1236,0,3,13961
420,Mono,County,1,1224,0,3,38,16027,1,1386,5,1241,0,3,13961
421,Mono,County,2,1226,0,3,16,16043,0,1386,1,1242,0,3,13961
422,Mono,County,1,1227,0,3,61,16104,2,1388,1,1243,0,3,13961
423,Mono,County,1,1228,0,3,127,16231,3,1391,2,1245,0,3,13961
424,Mono,County,1,1229,0,3,68,16299,1,1392,0,1245,0,3,13961
425,Mono,County,0,1229,0,3,42,16341,0,1392,0,1245,0,3,13961
243,Monterey,County,50,10258,0,71,1720,154371,43,11446,60,9958,1,71,448732
244,Monterey,County,76,10334,2,73,1682,156053,115,11561,39,9997,0,71,448732
245,Monterey,County,34,10368,0,73,672,156725,38,11599,95,10092,1,72,448732
246,Monterey,County,34,10402,1,74,338,157063,14,11613,49,10141,0,72,448732
247,Monterey,County,41,10443,0,74,2100,159163,57,11670,46,10187,0,72,448732
248,Monterey,County,47,10490,1,75,2294,161457,61,11731,48,10235,0,72,448732
249,Monterey,County,56,10546,1,76,1923,163380,65,11796,37,10272,3,75,448732
250,Monterey,County,59,10605,0,76,1886,165266,85,11881,71,10343,0,75,448732
251,Monterey,County,67,10672,1,77,1555,166821,65,11946,26,10369,0,75,448732
252,Monterey,County,34,10706,0,77,641,167462,38,11984,41,10410,0,75,448732
253,Monterey,County,33,10739,1,78,404,167866,33,12017,35,10445,2,77,448732
254,Monterey,County,51,10790,1,79,2177,170043,61,12078,28,10473,0,77,448732
255,Monterey,County,66,10856,1,80,2461,172504,95,12173,101,10574,1,78,448732
256,Monterey,County,61,10917,0,80,1701,174205,93,12266,42,10616,0,78,448732
257,Monterey,County,51,10968,1,81,1904,176109,53,12319,61,10677,1,79,448732
258,Monterey,County,67,11035,0,81,1563,177672,87,12406,50,10727,0,79,448732
259,Monterey,County,34,11069,2,83,487,178159,25,12431,80,10807,1,80,448732
260,Monterey,County,40,11109,1,84,343,178502,7,12438,65,10872,0,80,448732
261,Monterey,County,52,11161,2,86,2275,180777,74,12512,35,10907,0,80,448732
262,Monterey,County,61,11222,1,87,2177,182954,70,12582,35,10942,1,81,448732
263,Monterey,County,43,11265,1,88,1732,184686,61,12643,63,11005,2,83,448732
264,Monterey,County,38,11303,0,88,1548,186234,46,12689,54,11059,1,84,448732
265,Monterey,County,59,11362,0,88,1665,187899,67,12756,40,11099,2,86,448732
266,Monterey,County,47,11409,1,89,697,188596,38,12794,54,11153,1,87,448732
267,Monterey,County,67,11476,2,91,632,189228,48,12842,29,11182,0,87,448732
268,Monterey,County,83,11559,0,91,2279,191507,92,12934,25,11207,0,87,448732
269,Monterey,County,50,11609,3,94,2212,193719,77,13011,54,11261,1,88,448732
270,Monterey,County,56,11665,1,95,1759,195478,59,13070,69,11330,1,89,448732
271,Monterey,County,58,11723,1,96,1918,197396,61,13131,95,11425,3,92,448732
272,Monterey,County,81,11804,1,97,1670,199066,84,13215,66,11491,0,92,448732
273,Monterey,County,62,11866,0,97,707,199773,45,13260,48,11539,1,93,448732
274,Monterey,County,68,11934,0,97,1056,200829,27,13287,48,11587,0,93,448732
275,Monterey,County,108,12042,0,97,2202,203031,120,13407,15,11602,0,93,448732
276,Monterey,County,107,12149,0,97,2048,205079,148,13555,101,11703,1,94,448732
277,Monterey,County,69,12218,0,97,1858,206937,79,13634,40,11743,2,96,448732
278,Monterey,County,204,12422,2,99,2532,209469,195,13829,41,11784,0,96,448732
279,Monterey,County,108,12530,2,101,1423,210892,89,13918,130,11914,0,96,448732
280,Monterey,County,117,12647,0,101,948,211840,96,14014,116,12030,2,98,448732
281,Monterey,County,69,12716,0,101,1299,213139,33,14047,92,12122,0,98,448732
282,Monterey,County,144,12860,1,102,2367,215506,155,14202,26,12148,0,98,448732
283,Monterey,County,146,13006,0,102,1925,217431,180,14382,187,12335,2,100,448732
284,Monterey,County,138,13144,3,105,2008,219439,120,14502,82,12417,0,100,448732
285,Monterey,County,142,13286,2,107,2748,222187,183,14685,72,12489,0,100,448732
286,Monterey,County,121,13407,2,109,1723,223910,152,14837,192,12681,4,104,448732
287,Monterey,County,195,13602,1,110,1394,225304,146,14983,173,12854,1,105,448732
288,Monterey,County,96,13698,2,112,1137,226441,51,15034,145,12999,2,107,448732
289,Monterey,County,197,13895,0,112,2410,228851,177,15211,90,13089,0,107,448732
290,Monterey,County,243,14138,0,112,3113,231964,283,15494,131,13220,1,108,448732
291,Monterey,County,228,14366,0,112,3156,235120,249,15743,120,13340,0,108,448732
292,Monterey,County,192,14558,1,113,2693,237813,254,15997,29,13369,0,108,448732
293,Monterey,County,215,14773,2,115,2185,239998,266,16263,369,13738,2,110,448732
294,Monterey,County,125,14898,0,115,1430,241428,132,16395,148,13886,0,110,448732
295,Monterey,County,98,14996,0,115,1687,243115,94,16489,1,13887,1,111,448732
296,Monterey,County,241,15237,1,116,3550,246665,298,16787,378,14265,1,112,448732
297,Monterey,County,278,15515,0,116,3996,250661,352,17139,89,14354,1,113,448732
298,Monterey,County,258,15773,3,119,2803,253464,300,17439,341,14695,0,113,448732
299,Monterey,County,117,15890,1,120,478,253942,55,17494,55,14750,0,113,448732
300,Monterey,County,236,16126,1,121,1791,255733,248,17742,3,14753,0,113,448732
301,Monterey,County,167,16293,1,122,1205,256938,184,17926,575,15328,5,118,448732
302,Monterey,County,166,16459,2,124,1991,258929,149,18075,293,15621,1,119,448732
303,Monterey,County,311,16770,4,128,3551,262480,382,18457,216,15837,0,119,448732
304,Monterey,County,429,17199,3,131,4245,266725,546,19003,-2,15835,2,121,448732
305,Monterey,County,507,17706,4,135,3913,270638,558,19561,229,16064,0,121,448732
306,Monterey,County,477,18183,1,136,4054,274692,534,20095,154,16218,4,125,448732
307,Monterey,County,462,18645,1,137,3064,277756,505,20600,519,16737,2,127,448732
308,Monterey,County,205,18850,6,143,1216,278972,214,20814,340,17077,0,127,448732
309,Monterey,County,146,18996,3,146,1694,280666,141,20955,349,17426,3,130,448732
310,Monterey,County,618,19614,5,151,4710,285376,615,21570,320,17746,2,132,448732
311,Monterey,County,481,20095,3,154,4203,289579,474,22044,6,17752,2,134,448732
312,Monterey,County,567,20662,3,157,4196,293775,604,22648,139,17891,9,143,448732
313,Monterey,County,395,21057,4,161,4020,297795,482,23130,375,18266,2,145,448732
314,Monterey,County,477,21534,8,169,4227,302022,581,23711,155,18421,5,150,448732
315,Monterey,County,301,21835,5,174,1957,303979,327,24038,175,18596,1,151,448732
316,Monterey,County,111,21946,3,177,1710,305689,144,24182,317,18913,2,153,448732
317,Monterey,County,422,22368,4,181,3629,309318,477,24659,241,19154,2,155,448732
318,Monterey,County,518,22886,3,184,3992,313310,632,25291,751,19905,6,161,448732
319,Monterey,County,599,23485,6,190,4562,317872,687,25978,1202,21107,2,163,448732
320,Monterey,County,557,24042,3,193,3863,321735,629,26607,844,21951,0,163,448732
321,Monterey,County,519,24561,7,200,3194,324929,613,27220,385,22336,2,165,448732
322,Monterey,County,292,24853,4,204,1499,326428,340,27560,463,22799,7,172,448732
323,Monterey,County,111,24964,3,207,1490,327918,124,27684,451,23250,1,173,448732
324,Monterey,County,474,25438,5,212,4084,332002,524,28208,423,23673,1,174,448732
325,Monterey,County,532,25970,6,218,3641,335643,579,28787,479,24152,2,176,448732
326,Monterey,County,663,26633,6,224,4440,340083,702,29489,704,24856,0,176,448732
327,Monterey,County,298,26931,4,228,1420,341503,268,29757,275,25131,4,180,448732
328,Monterey,County,105,27036,3,231,352,341855,63,29820,657,25788,2,182,448732
329,Monterey,County,271,27307,3,234,1196,343051,293,30113,222,26010,0,182,448732
330,Monterey,County,133,27440,5,239,1297,344348,111,30224,312,26322,-1,181,448732
331,Monterey,County,541,27981,4,243,3967,348315,677,30901,207,26529,1,182,448732
332,Monterey,County,833,28814,10,253,4585,352900,1001,31902,365,26894,3,185,448732
333,Monterey,County,635,29449,6,259,3843,356743,743,32645,83,26977,1,186,448732
334,Monterey,County,607,30056,7,266,3353,360096,633,33278,743,27720,2,188,448732
335,Monterey,County,191,30247,6,272,473,360569,85,33363,745,28465,3,191,448732
336,Monterey,County,230,30477,5,277,1194,361763,260,33623,526,28991,0,191,448732
337,Monterey,County,207,30684,5,282,1495,363258,172,33795,366,29357,0,191,448732
338,Monterey,County,590,31274,9,291,4184,367442,657,34452,302,29659,21,212,448732
339,Monterey,County,653,31927,13,304,4241,371683,812,35264,386,30045,1,213,448732
340,Monterey,County,572,32499,9,313,4345,376028,689,35953,342,30387,9,222,448732
341,Monterey,County,589,33088,4,317,3551,379579,630,36583,516,30903,0,222,448732
342,Monterey,County,529,33617,11,328,3051,382630,585,37168,640,31543,2,224,448732
343,Monterey,County,265,33882,6,334,1577,384207,288,37456,405,31948,11,235,448732
344,Monterey,County,143,34025,11,345,1398,385605,107,37563,623,32571,2,237,448732
345,Monterey,County,439,34464,5,350,3809,389414,554,38117,287,32858,2,239,448732
346,Monterey,County,535,34999,14,364,4265,393679,694,38811,523,33381,1,240,448732
347,Monterey,County,499,35498,7,371,3978,397657,585,39396,367,33748,1,241,448732
348,Monterey,County,416,35914,5,376,3473,401130,466,39862,357,34105,1,242,448732
349,Monterey,County,407,36321,10,386,2857,403987,449,40311,355,34460,1,243,448732
350,Monterey,County,210,36531,7,393,1554,405541,236,40547,512,34972,0,243,448732
351,Monterey,County,98,36629,11,404,540,406081,67,40614,368,35340,1,244,448732
352,Monterey,County,232,36861,7,411,3338,409419,290,40904,209,35549,3,247,448732
353,Monterey,County,473,37334,5,416,3299,412718,564,41468,291,35840,1,248,448732
354,Monterey,County,327,37661,5,421,3106,415824,393,41861,120,35960,1,249,448732
355,Monterey,County,316,37977,4,425,3210,419034,344,42205,189,36149,4,253,448732
356,Monterey,County,280,38257,6,431,2823,421857,330,42535,760,36909,0,253,448732
357,Monterey,County,154,38411,8,439,1710,423567,201,42736,256,37165,0,253,448732
358,Monterey,County,82,38493,4,443,1198,424765,66,42802,362,37527,1,254,448732
359,Monterey,County,272,38765,8,451,3764,428529,329,43131,199,37726,1,255,448732
360,Monterey,County,257,39022,4,455,2689,431218,364,43495,237,37963,0,255,448732
361,Monterey,County,198,39220,5,460,2270,433488,214,43709,176,38139,13,268,448732
362,Monterey,County,202,39422,5,465,2543,436031,231,43940,173,38312,6,274,448732
363,Monterey,County,203,39625,4,469,2852,438883,263,44203,227,38539,3,277,448732
364,Monterey,County,121,39746,4,473,994,439877,133,44336,308,38847,0,277,448732
365,Monterey,County,61,39807,6,479,1030,440907,55,44391,188,39035,1,278,448732
366,Monterey,County,179,39986,4,483,3517,444424,200,44591,161,39196,0,278,448732
367,Monterey,County,181,40167,1,484,2483,446907,253,44844,175,39371,0,278,448732
368,Monterey,County,135,40302,6,490,2395,449302,186,45030,129,39500,1,279,448732
369,Monterey,County,128,40430,2,492,2681,451983,158,45188,119,39619,0,279,448732
370,Monterey,County,108,40538,6,498,2311,454294,135,45323,221,39840,2,281,448732
371,Monterey,County,64,40602,3,501,1435,455729,59,45382,155,39995,1,282,448732
372,Monterey,County,56,40658,4,505,892,456621,26,45408,118,40113,1,283,448732
373,Monterey,County,136,40794,4,509,3157,459778,190,45598,73,40186,0,283,448732
374,Monterey,County,123,40917,2,511,2286,462064,169,45767,93,40279,2,285,448732
375,Monterey,County,109,41026,1,512,2097,464161,126,45893,87,40366,3,288,448732
376,Monterey,County,79,41105,0,512,2280,466441,92,45985,103,40469,7,295,448732
377,Monterey,County,108,41213,2,514,2755,469196,139,46124,164,40633,2,297,448732
378,Monterey,County,47,41260,1,515,950,470146,49,46173,98,40731,4,301,448732
379,Monterey,County,31,41291,4,519,410,470556,27,46200,111,40842,1,302,448732
380,Monterey,County,50,41341,2,521,2377,472933,44,46244,69,40911,0,302,448732
381,Monterey,County,61,41402,3,524,2574,475507,146,46390,51,40962,1,303,448732
382,Monterey,County,74,41476,5,529,1831,477338,91,46481,52,41014,1,304,448732
383,Monterey,County,54,41530,2,531,1982,479320,72,46553,77,41091,3,307,448732
384,Monterey,County,63,41593,3,534,2910,482230,87,46640,118,41209,2,309,448732
385,Monterey,County,29,41622,1,535,693,482923,26,46666,104,41313,0,309,448732
386,Monterey,County,20,41642,2,537,1021,483944,20,46686,60,41373,0,309,448732
387,Monterey,County,55,41697,1,538,2477,486421,68,46754,24,41397,2,311,448732
388,Monterey,County,51,41748,1,539,2171,488592,74,46828,42,41439,6,317,448732
389,Monterey,County,41,41789,0,539,1792,490384,56,46884,56,41495,3,320,448732
390,Monterey,County,26,41815,0,539,2165,492549,43,46927,69,41564,1,321,448732
391,Monterey,County,25,41840,1,540,1738,494287,34,46961,43,41607,1,322,448732
392,Monterey,County,26,41866,2,542,1056,495343,17,46978,58,41665,0,322,448732
393,Monterey,County,9,41875,0,542,1002,496345,7,46985,18,41683,1,323,448732
394,Monterey,County,32,41907,0,542,2548,498893,36,47021,14,41697,1,324,448732
395,Monterey,County,25,41932,0,542,1901,500794,41,47062,19,41716,1,325,448732
396,Monterey,County,27,41959,1,543,1876,502670,34,47096,15,41731,0,325,448732
397,Monterey,County,33,41992,1,544,1955,504625,33,47129,40,41771,0,325,448732
398,Monterey,County,20,42012,1,545,1761,506386,27,47156,31,41802,0,325,448732
399,Monterey,County,13,42025,1,546,839,507225,8,47164,36,41838,2,327,448732
400,Monterey,County,5,42030,0,546,1063,508288,6,47170,20,41858,1,328,448732
401,Monterey,County,21,42051,0,546,2033,510321,23,47193,5,41863,0,328,448732
402,Monterey,County,21,42072,0,546,1624,511945,24,47217,31,41894,1,329,448732
403,Monterey,County,18,42090,0,546,1660,513605,28,47245,26,41920,0,329,448732
404,Monterey,County,22,42112,1,547,2290,515895,30,47275,16,41936,0,329,448732
405,Monterey,County,23,42135,3,550,1901,517796,26,47301,28,41964,0,329,448732
406,Monterey,County,14,42149,0,550,839,518635,12,47313,25,41989,3,332,448732
407,Monterey,County,10,42159,1,551,311,518946,9,47322,18,42007,1,333,448732
408,Monterey,County,22,42181,0,551,2633,521579,28,47350,4,42011,0,333,448732
409,Monterey,County,28,42209,0,551,1573,523152,59,47409,12,42023,1,334,448732
410,Monterey,County,19,42228,0,551,1480,524632,37,47446,38,42061,0,334,448732
411,Monterey,County,19,42247,0,551,2546,527178,26,47472,44,42105,1,335,448732
412,Monterey,County,14,42261,0,551,2711,529889,18,47490,20,42125,0,335,448732
413,Monterey,County,9,42270,0,551,734,530623,6,47496,21,42146,-1,334,448732
414,Monterey,County,9,42279,0,551,397,531020,8,47504,7,42153,1,335,448732
415,Monterey,County,25,42304,0,551,2350,533370,33,47537,8,42161,0,335,448732
416,Monterey,County,17,42321,1,552,1562,534932,17,47554,19,42180,0,335,448732
417,Monterey,County,11,42332,3,555,1875,536807,14,47568,21,42201,0,335,448732
418,Monterey,County,22,42354,1,556,1636,538443,23,47591,19,42220,1,336,448732
419,Monterey,County,21,42375,0,556,1309,539752,30,47621,21,42241,2,338,448732
420,Monterey,County,13,42388,1,557,431,540183,6,47627,30,42271,-1,337,448732
421,Monterey,County,10,42398,0,557,414,540597,6,47633,23,42294,0,337,448732
422,Monterey,County,23,42421,1,558,2097,542694,21,47654,11,42305,0,337,448732
423,Monterey,County,16,42437,1,559,1654,544348,21,47675,3,42308,1,338,448732
424,Monterey,County,26,42463,0,559,1454,545802,23,47698,1,42309,0,338,448732
425,Monterey,County,17,42480,0,559,1610,547412,24,47722,15,42324,1,339,448732
243,Napa,County,14,1789,0,12,628,66639,14,1875,1,1729,0,11,139652
244,Napa,County,8,1797,0,12,502,67141,7,1882,8,1737,0,11,139652
245,Napa,County,6,1803,0,12,293,67434,5,1887,15,1752,0,11,139652
246,Napa,County,4,1807,0,12,112,67546,0,1887,7,1759,0,11,139652
247,Napa,County,12,1819,0,12,677,68223,10,1897,1,1760,0,11,139652
248,Napa,County,10,1829,0,12,984,69207,18,1915,10,1770,0,11,139652
249,Napa,County,6,1835,1,13,487,69694,7,1922,4,1774,0,11,139652
250,Napa,County,13,1848,0,13,624,70318,8,1930,5,1779,0,11,139652
251,Napa,County,15,1863,0,13,690,71008,17,1947,16,1795,0,11,139652
252,Napa,County,10,1873,0,13,261,71269,3,1950,9,1804,0,11,139652
253,Napa,County,7,1880,1,14,117,71386,4,1954,7,1811,0,11,139652
254,Napa,County,16,1896,0,14,819,72205,13,1967,8,1819,0,11,139652
255,Napa,County,8,1904,0,14,749,72954,11,1978,6,1825,1,12,139652
256,Napa,County,9,1913,0,14,415,73369,15,1993,12,1837,0,12,139652
257,Napa,County,17,1930,0,14,765,74134,15,2008,5,1842,0,12,139652
258,Napa,County,13,1943,0,14,1071,75205,10,2018,13,1855,0,12,139652
259,Napa,County,9,1952,0,14,453,75658,6,2024,11,1866,0,12,139652
260,Napa,County,7,1959,0,14,110,75768,7,2031,16,1882,0,12,139652
261,Napa,County,13,1972,0,14,936,76704,9,2040,10,1892,0,12,139652
262,Napa,County,14,1986,0,14,1012,77716,11,2051,20,1912,1,13,139652
263,Napa,County,19,2005,0,14,658,78374,9,2060,6,1918,0,13,139652
264,Napa,County,16,2021,0,14,909,79283,15,2075,10,1928,1,14,139652
265,Napa,County,15,2036,1,15,838,80121,16,2091,14,1942,0,14,139652
266,Napa,County,8,2044,0,15,448,80569,12,2103,15,1957,0,14,139652
267,Napa,County,17,2061,0,15,148,80717,9,2112,5,1962,0,14,139652
268,Napa,County,30,2091,0,15,788,81505,17,2129,4,1966,0,14,139652
269,Napa,County,32,2123,0,15,933,82438,30,2159,13,1979,1,15,139652
270,Napa,County,16,2139,0,15,956,83394,13,2172,19,1998,0,15,139652
271,Napa,County,26,2165,0,15,750,84144,25,2197,11,2009,0,15,139652
272,Napa,County,24,2189,0,15,982,85126,39,2236,19,2028,0,15,139652
273,Napa,County,18,2207,0,15,426,85552,14,2250,12,2040,0,15,139652
274,Napa,County,19,2226,0,15,265,85817,8,2258,27,2067,0,15,139652
275,Napa,County,34,2260,0,15,839,86656,28,2286,14,2081,0,15,139652
276,Napa,County,42,2302,0,15,1012,87668,40,2326,49,2130,0,15,139652
277,Napa,County,36,2338,0,15,1138,88806,40,2366,3,2133,0,15,139652
278,Napa,County,54,2392,0,15,1081,89887,63,2429,25,2158,0,15,139652
279,Napa,County,27,2419,0,15,1135,91022,48,2477,31,2189,0,15,139652
280,Napa,County,25,2444,0,15,200,91222,13,2490,71,2260,0,15,139652
281,Napa,County,30,2474,0,15,356,91578,24,2514,14,2274,0,15,139652
282,Napa,County,40,2514,0,15,1217,92795,48,2562,35,2309,0,15,139652
283,Napa,County,43,2557,1,16,1438,94233,37,2599,32,2341,0,15,139652
284,Napa,County,38,2595,0,16,1132,95365,33,2632,24,2365,0,15,139652
285,Napa,County,49,2644,0,16,1289,96654,59,2691,33,2398,1,16,139652
286,Napa,County,62,2706,0,16,1121,97775,55,2746,42,2440,1,17,139652
287,Napa,County,39,2745,0,16,236,98011,15,2761,33,2473,0,17,139652
288,Napa,County,34,2779,0,16,393,98404,31,2792,36,2509,0,17,139652
289,Napa,County,59,2838,0,16,1312,99716,55,2847,27,2536,0,17,139652
290,Napa,County,76,2914,0,16,1630,101346,68,2915,32,2568,0,17,139652
291,Napa,County,54,2968,0,16,1652,102998,73,2988,39,2607,0,17,139652
292,Napa,County,47,3015,0,16,1352,104350,61,3049,34,2641,0,17,139652
293,Napa,County,54,3069,0,16,1540,105890,59,3108,77,2718,0,17,139652
294,Napa,County,30,3099,0,16,253,106143,14,3122,39,2757,0,17,139652
295,Napa,County,34,3133,0,16,386,106529,26,3148,21,2778,0,17,139652
296,Napa,County,81,3214,0,16,1935,108464,67,3215,33,2811,0,17,139652
297,Napa,County,66,3280,1,17,1637,110101,62,3277,93,2904,0,17,139652
298,Napa,County,66,3346,0,17,994,111095,65,3342,41,2945,0,17,139652
299,Napa,County,33,3379,0,17,194,111289,25,3367,43,2988,1,18,139652
300,Napa,County,64,3443,0,17,961,112250,74,3441,0,2988,0,18,139652
301,Napa,County,40,3483,0,17,391,112641,41,3482,45,3033,0,18,139652
302,Napa,County,51,3534,0,17,428,113069,44,3526,57,3090,0,18,139652
303,Napa,County,105,3639,1,18,1933,115002,112,3638,1,3091,0,18,139652
304,Napa,County,99,3738,1,19,1866,116868,98,3736,33,3124,1,19,139652
305,Napa,County,84,3822,0,19,1632,118500,79,3815,174,3298,0,19,139652
306,Napa,County,103,3925,0,19,1422,119922,112,3927,62,3360,0,19,139652
307,Napa,County,113,4038,1,20,2020,121942,135,4062,72,3432,0,19,139652
308,Napa,County,53,4091,0,20,594,122536,36,4098,133,3565,2,21,139652
309,Napa,County,70,4161,1,21,587,123123,58,4156,79,3644,0,21,139652
310,Napa,County,112,4273,1,22,1770,124893,132,4288,40,3684,0,21,139652
311,Napa,County,91,4364,0,22,1987,126880,108,4396,94,3778,1,22,139652
312,Napa,County,88,4452,0,22,1727,128607,91,4487,80,3858,-1,21,139652
313,Napa,County,85,4537,0,22,1297,129904,107,4594,116,3974,1,22,139652
314,Napa,County,86,4623,0,22,1478,131382,109,4703,80,4054,0,22,139652
315,Napa,County,56,4679,0,22,380,131762,37,4740,59,4113,0,22,139652
316,Napa,County,44,4723,1,23,692,132454,47,4787,81,4194,0,22,139652
317,Napa,County,106,4829,0,23,1849,134303,104,4891,95,4289,0,22,139652
318,Napa,County,93,4922,0,23,2063,136366,106,4997,151,4440,1,23,139652
319,Napa,County,104,5026,0,23,1769,138135,116,5113,104,4544,0,23,139652
320,Napa,County,98,5124,1,24,1793,139928,141,5254,68,4612,0,23,139652
321,Napa,County,112,5236,0,24,1652,141580,140,5394,76,4688,0,23,139652
322,Napa,County,48,5284,0,24,335,141915,39,5433,84,4772,0,23,139652
323,Napa,County,62,5346,1,25,659,142574,52,5485,93,4865,0,23,139652
324,Napa,County,122,5468,0,25,2237,144811,161,5646,87,4952,0,23,139652
325,Napa,County,88,5556,1,26,1765,146576,104,5750,107,5059,0,23,139652
326,Napa,County,87,5643,0,26,1315,147891,82,5832,113,5172,2,25,139652
327,Napa,County,68,5711,0,26,608,148499,64,5896,93,5265,1,26,139652
328,Napa,County,54,5765,0,26,509,149008,29,5925,86,5351,0,26,139652
329,Napa,County,80,5845,0,26,488,149496,50,5975,76,5427,0,26,139652
330,Napa,County,58,5903,1,27,360,149856,37,6012,69,5496,0,26,139652
331,Napa,County,135,6038,0,27,1761,151617,143,6155,80,5576,0,26,139652
332,Napa,County,109,6147,0,27,1781,153398,144,6299,87,5663,2,28,139652
333,Napa,County,120,6267,1,28,1324,154722,152,6451,91,5754,0,28,139652
334,Napa,County,106,6373,0,28,919,155641,114,6565,47,5801,0,28,139652
335,Napa,County,63,6436,1,29,352,155993,31,6596,98,5899,0,28,139652
336,Napa,County,86,6522,1,30,610,156603,77,6673,95,5994,1,29,139652
337,Napa,County,59,6581,1,31,305,156908,32,6705,100,6094,0,29,139652
338,Napa,County,101,6682,1,32,1675,158583,109,6814,93,6187,0,29,139652
339,Napa,County,141,6823,0,32,2288,160871,163,6977,77,6264,0,29,139652
340,Napa,County,87,6910,0,32,1630,162501,94,7071,78,6342,3,32,139652
341,Napa,County,130,7040,4,36,1984,164485,148,7219,66,6408,0,32,139652
342,Napa,County,110,7150,0,36,1657,166142,150,7369,136,6544,0,32,139652
343,Napa,County,70,7220,0,36,655,166797,89,7458,50,6594,4,36,139652
344,Napa,County,70,7290,2,38,283,167080,30,7488,93,6687,0,36,139652
345,Napa,County,104,7394,2,40,1320,168400,107,7595,135,6822,0,36,139652
346,Napa,County,102,7496,2,42,2021,170421,128,7723,114,6936,0,36,139652
347,Napa,County,83,7579,1,43,1507,171928,94,7817,92,7028,0,36,139652
348,Napa,County,114,7693,1,44,1717,173645,174,7991,89,7117,2,38,139652
349,Napa,County,85,7778,1,45,1313,174958,104,8095,114,7231,0,38,139652
350,Napa,County,62,7840,0,45,587,175545,81,8176,125,7356,1,39,139652
351,Napa,County,39,7879,1,46,284,175829,28,8204,165,7521,-1,38,139652
352,Napa,County,56,7935,2,48,1178,177007,63,8267,80,7601,0,38,139652
353,Napa,County,74,8009,0,48,2002,179009,97,8364,71,7672,0,38,139652
354,Napa,County,59,8068,0,48,1455,180464,71,8435,59,7731,2,40,139652
355,Napa,County,69,8137,1,49,1732,182196,125,8560,43,7774,0,40,139652
356,Napa,County,64,8201,3,52,1240,183436,82,8642,54,7828,0,40,139652
357,Napa,County,46,8247,0,52,464,183900,54,8696,65,7893,3,43,139652
358,Napa,County,25,8272,1,53,240,184140,20,8716,112,8005,0,43,139652
359,Napa,County,42,8314,3,56,1347,185487,48,8764,52,8057,0,43,139652
360,Napa,County,34,8348,1,57,1327,186814,53,8817,88,8145,0,43,139652
361,Napa,County,57,8405,0,57,1378,188192,69,8886,42,8187,3,46,139652
362,Napa,County,72,8477,1,58,1352,189544,90,8976,46,8233,4,50,139652
363,Napa,County,48,8525,1,59,1118,190662,63,9039,43,8276,2,52,139652
364,Napa,County,32,8557,1,60,403,191065,27,9066,66,8342,0,52,139652
365,Napa,County,16,8573,1,61,221,191286,22,9088,62,8404,0,52,139652
366,Napa,County,42,8615,1,62,1283,192569,44,9132,45,8449,0,52,139652
367,Napa,County,32,8647,0,62,1225,193794,50,9182,56,8505,1,53,139652
368,Napa,County,29,8676,1,63,1268,195062,48,9230,29,8534,1,54,139652
369,Napa,County,35,8711,1,64,1281,196343,60,9290,39,8573,1,55,139652
370,Napa,County,29,8740,1,65,977,197320,37,9327,25,8598,0,55,139652
371,Napa,County,14,8754,0,65,326,197646,23,9350,41,8639,0,55,139652
372,Napa,County,13,8767,0,65,172,197818,11,9361,62,8701,0,55,139652
373,Napa,County,23,8790,0,65,1319,199137,26,9387,18,8719,0,55,139652
374,Napa,County,15,8805,0,65,1322,200459,29,9416,30,8749,0,55,139652
375,Napa,County,13,8818,0,65,1360,201819,15,9431,20,8769,0,55,139652
376,Napa,County,19,8837,0,65,1442,203261,38,9469,8,8777,0,55,139652
377,Napa,County,21,8858,1,66,794,204055,22,9491,8,8785,0,55,139652
378,Napa,County,12,8870,1,67,265,204320,21,9512,24,8809,2,57,139652
379,Napa,County,9,8879,0,67,172,204492,3,9515,17,8826,0,57,139652
380,Napa,County,20,8899,0,67,691,205183,10,9525,11,8837,0,57,139652
381,Napa,County,14,8913,1,68,1412,206595,21,9546,17,8854,9,66,139652
382,Napa,County,13,8926,0,68,1366,207961,25,9571,11,8865,2,68,139652
383,Napa,County,14,8940,0,68,1008,208969,20,9591,12,8877,0,68,139652
384,Napa,County,17,8957,0,68,826,209795,30,9621,22,8899,1,69,139652
385,Napa,County,11,8968,0,68,273,210068,18,9639,11,8910,0,69,139652
386,Napa,County,9,8977,0,68,178,210246,8,9647,19,8929,0,69,139652
387,Napa,County,15,8992,0,68,1069,211315,26,9673,21,8950,0,69,139652
388,Napa,County,27,9019,0,68,1196,212511,19,9692,17,8967,1,70,139652
389,Napa,County,11,9030,2,70,1276,213787,9,9701,9,8976,0,70,139652
390,Napa,County,17,9047,1,71,943,214730,37,9738,22,8998,0,70,139652
391,Napa,County,26,9073,1,72,971,215701,23,9761,16,9014,0,70,139652
392,Napa,County,6,9079,1,73,269,215970,9,9770,24,9038,1,71,139652
393,Napa,County,11,9090,0,73,180,216150,7,9777,15,9053,-1,70,139652
394,Napa,County,19,9109,0,73,1149,217299,15,9792,3,9056,0,70,139652
395,Napa,County,9,9118,1,74,1055,218354,8,9800,24,9080,1,71,139652
396,Napa,County,12,9130,0,74,1134,219488,16,9816,10,9090,1,72,139652
397,Napa,County,8,9138,0,74,987,220475,19,9835,4,9094,2,74,139652
398,Napa,County,8,9146,0,74,688,221163,12,9847,15,9109,1,75,139652
399,Napa,County,8,9154,0,74,239,221402,6,9853,20,9129,0,75,139652
400,Napa,County,8,9162,0,74,167,221569,1,9854,8,9137,0,75,139652
401,Napa,County,10,9172,0,74,1016,222585,14,9868,9,9146,0,75,139652
402,Napa,County,3,9175,0,74,1385,223970,8,9876,9,9155,0,75,139652
403,Napa,County,14,9189,1,75,1218,225188,8,9884,10,9165,0,75,139652
404,Napa,County,9,9198,0,75,1018,226206,10,9894,8,9173,0,75,139652
405,Napa,County,13,9211,0,75,738,226944,4,9898,7,9180,0,75,139652
406,Napa,County,9,9220,0,75,199,227143,5,9903,10,9190,0,75,139652
407,Napa,County,6,9226,0,75,188,227331,6,9909,4,9194,0,75,139652
408,Napa,County,18,9244,0,75,951,228282,23,9932,2,9196,0,75,139652
409,Napa,County,11,9255,0,75,990,229272,29,9961,13,9209,0,75,139652
410,Napa,County,10,9265,0,75,1116,230388,7,9968,10,9219,1,76,139652
411,Napa,County,15,9280,0,75,888,231276,16,9984,24,9243,1,77,139652
412,Napa,County,9,9289,0,75,655,231931,9,9993,13,9256,0,77,139652
413,Napa,County,12,9301,0,75,215,232146,8,10001,18,9274,0,77,139652
414,Napa,County,8,9309,0,75,172,232318,8,10009,8,9282,0,77,139652
415,Napa,County,20,9329,0,75,1061,233379,18,10027,6,9288,0,77,139652
416,Napa,County,11,9340,0,75,975,234354,18,10045,11,9299,1,78,139652
417,Napa,County,25,9365,0,75,1370,235724,26,10071,11,9310,0,78,139652
418,Napa,County,20,9385,0,75,943,236667,22,10093,11,9321,0,78,139652
419,Napa,County,19,9404,0,75,875,237542,17,10110,28,9349,0,78,139652
420,Napa,County,10,9414,0,75,250,237792,10,10120,11,9360,0,78,139652
421,Napa,County,12,9426,0,75,165,237957,1,10121,8,9368,0,78,139652
422,Napa,County,14,9440,0,75,974,238931,19,10140,11,9379,0,78,139652
423,Napa,County,16,9456,0,75,1140,240071,13,10153,12,9391,0,78,139652
424,Napa,County,15,9471,0,75,616,240687,14,10167,10,9401,0,78,139652
425,Napa,County,18,9489,0,75,840,241527,20,10187,9,9410,0,78,139652
243,Nevada,County,2,560,0,5,237,29358,6,529,3,543,0,6,98710
244,Nevada,County,1,561,0,5,313,29671,2,531,0,543,0,6,98710
245,Nevada,County,3,564,0,5,70,29741,1,532,1,544,0,6,98710
246,Nevada,County,2,566,0,5,49,29790,0,532,3,547,0,6,98710
247,Nevada,County,4,570,1,6,388,30178,7,539,3,550,0,6,98710
248,Nevada,County,3,573,0,6,398,30576,4,543,1,551,0,6,98710
249,Nevada,County,2,575,0,6,378,30954,3,546,1,552,0,6,98710
250,Nevada,County,4,579,0,6,360,31314,3,549,4,556,0,6,98710
251,Nevada,County,3,582,0,6,331,31645,3,552,5,561,0,6,98710
252,Nevada,County,5,587,0,6,103,31748,2,554,3,564,0,6,98710
253,Nevada,County,3,590,0,6,49,31797,0,554,5,569,1,7,98710
254,Nevada,County,2,592,0,6,170,31967,4,558,1,570,0,7,98710
255,Nevada,County,4,596,0,6,449,32416,2,560,2,572,0,7,98710
256,Nevada,County,6,602,0,6,368,32784,3,563,1,573,0,7,98710
257,Nevada,County,2,604,0,6,311,33095,7,570,2,575,1,8,98710
258,Nevada,County,4,608,0,6,311,33406,6,576,4,579,0,8,98710
259,Nevada,County,2,610,0,6,88,33494,0,576,1,580,0,8,98710
260,Nevada,County,1,611,0,6,71,33565,0,576,2,582,0,8,98710
261,Nevada,County,6,617,0,6,309,33874,7,583,8,590,0,8,98710
262,Nevada,County,3,620,1,7,398,34272,2,585,6,596,0,8,98710
263,Nevada,County,9,629,0,7,311,34583,8,593,1,597,0,8,98710
264,Nevada,County,6,635,0,7,260,34843,2,595,3,600,0,8,98710
265,Nevada,County,6,641,0,7,308,35151,4,599,4,604,0,8,98710
266,Nevada,County,3,644,0,7,92,35243,2,601,4,608,0,8,98710
267,Nevada,County,4,648,0,7,65,35308,0,601,8,616,0,8,98710
268,Nevada,County,8,656,0,7,340,35648,8,609,2,618,0,8,98710
269,Nevada,County,7,663,0,7,394,36042,3,612,4,622,0,8,98710
270,Nevada,County,6,669,0,7,345,36387,6,618,7,629,1,9,98710
271,Nevada,County,8,677,0,7,359,36746,9,627,3,632,0,9,98710
272,Nevada,County,7,684,0,7,315,37061,11,638,2,634,0,9,98710
273,Nevada,County,6,690,0,7,73,37134,1,639,10,644,0,9,98710
274,Nevada,County,18,708,0,7,56,37190,1,640,2,646,0,9,98710
275,Nevada,County,16,724,0,7,334,37524,14,654,10,656,0,9,98710
276,Nevada,County,16,740,0,7,428,37952,12,666,14,670,0,9,98710
277,Nevada,County,20,760,0,7,439,38391,16,682,5,675,0,9,98710
278,Nevada,County,19,779,0,7,415,38806,17,699,12,687,0,9,98710
279,Nevada,County,22,801,0,7,376,39182,16,715,5,692,0,9,98710
280,Nevada,County,13,814,0,7,124,39306,7,722,18,710,0,9,98710
281,Nevada,County,16,830,0,7,70,39376,2,724,5,715,0,9,98710
282,Nevada,County,16,846,0,7,509,39885,28,752,14,729,0,9,98710
283,Nevada,County,37,883,0,7,630,40515,27,779,5,734,0,9,98710
284,Nevada,County,16,899,0,7,202,40717,12,791,7,741,0,9,98710
285,Nevada,County,42,941,0,7,566,41283,47,838,39,780,0,9,98710
286,Nevada,County,23,964,0,7,534,41817,24,862,18,798,0,9,98710
287,Nevada,County,19,983,0,7,139,41956,10,872,37,835,0,9,98710
288,Nevada,County,16,999,0,7,99,42055,4,876,24,859,0,9,98710
289,Nevada,County,55,1054,0,7,654,42709,46,922,30,889,0,9,98710
290,Nevada,County,43,1097,0,7,790,43499,46,968,29,918,0,9,98710
291,Nevada,County,41,1138,0,7,693,44192,38,1006,15,933,0,9,98710
292,Nevada,County,39,1177,0,7,670,44862,35,1041,12,945,0,9,98710
293,Nevada,County,41,1218,0,7,604,45466,47,1088,45,990,0,9,98710
294,Nevada,County,18,1236,0,7,148,45614,10,1098,28,1018,0,9,98710
295,Nevada,County,12,1248,0,7,121,45735,6,1104,34,1052,0,9,98710
296,Nevada,County,58,1306,0,7,602,46337,48,1152,35,1087,0,9,98710
297,Nevada,County,89,1395,0,7,541,46878,77,1229,69,1156,0,9,98710
298,Nevada,County,63,1458,0,7,524,47402,46,1275,14,1170,0,9,98710
299,Nevada,County,18,1476,0,7,55,47457,7,1282,14,1184,0,9,98710
300,Nevada,County,46,1522,2,9,438,47895,39,1321,0,1184,0,9,98710
301,Nevada,County,30,1552,3,12,128,48023,15,1336,88,1272,0,9,98710
302,Nevada,County,28,1580,0,12,174,48197,11,1347,39,1311,0,9,98710
303,Nevada,County,81,1661,2,14,695,48892,65,1412,36,1347,0,9,98710
304,Nevada,County,87,1748,1,15,668,49560,90,1502,64,1411,0,9,98710
305,Nevada,County,62,1810,2,17,661,50221,70,1572,19,1430,0,9,98710
306,Nevada,County,62,1872,1,18,598,50819,69,1641,42,1472,1,10,98710
307,Nevada,County,77,1949,2,20,546,51365,62,1703,88,1560,0,10,98710
308,Nevada,County,25,1974,2,22,112,51477,14,1717,82,1642,0,10,98710
309,Nevada,County,14,1988,3,25,96,51573,9,1726,68,1710,0,10,98710
310,Nevada,County,59,2047,2,27,751,52324,73,1799,67,1777,1,11,98710
311,Nevada,County,49,2096,2,29,582,52906,51,1850,32,1809,0,11,98710
312,Nevada,County,54,2150,4,33,657,53563,52,1902,55,1864,-1,10,98710
313,Nevada,County,53,2203,2,35,589,54152,55,1957,55,1919,0,10,98710
314,Nevada,County,37,2240,1,36,475,54627,44,2001,40,1959,0,10,98710
315,Nevada,County,17,2257,1,37,127,54754,9,2010,22,1981,0,10,98710
316,Nevada,County,18,2275,1,38,104,54858,9,2019,49,2030,1,11,98710
317,Nevada,County,51,2326,1,39,600,55458,62,2081,40,2070,0,11,98710
318,Nevada,County,39,2365,2,41,603,56061,45,2126,47,2117,0,11,98710
319,Nevada,County,33,2398,2,43,548,56609,41,2167,32,2149,2,13,98710
320,Nevada,County,36,2434,1,44,555,57164,36,2203,24,2173,0,13,98710
321,Nevada,County,41,2475,0,44,573,57737,45,2248,47,2220,0,13,98710
322,Nevada,County,17,2492,2,46,139,57876,18,2266,40,2260,0,13,98710
323,Nevada,County,22,2514,0,46,119,57995,10,2276,29,2289,0,13,98710
324,Nevada,County,46,2560,1,47,641,58636,39,2315,48,2337,0,13,98710
325,Nevada,County,33,2593,0,47,502,59138,48,2363,30,2367,1,14,98710
326,Nevada,County,27,2620,0,47,452,59590,31,2394,39,2406,1,15,98710
327,Nevada,County,45,2665,0,47,351,59941,23,2417,23,2429,0,15,98710
328,Nevada,County,24,2689,2,49,41,59982,5,2422,29,2458,0,15,98710
329,Nevada,County,26,2715,3,52,99,60081,13,2435,22,2480,0,15,98710
330,Nevada,County,28,2743,0,52,117,60198,8,2443,39,2519,0,15,98710
331,Nevada,County,36,2779,3,55,545,60743,54,2497,13,2532,0,15,98710
332,Nevada,County,47,2826,2,57,532,61275,70,2567,18,2550,0,15,98710
333,Nevada,County,48,2874,0,57,485,61760,47,2614,45,2595,0,15,98710
334,Nevada,County,35,2909,0,57,399,62159,31,2645,24,2619,0,15,98710
335,Nevada,County,23,2932,0,57,83,62242,8,2653,44,2663,0,15,98710
336,Nevada,County,24,2956,0,57,89,62331,8,2661,43,2706,0,15,98710
337,Nevada,County,27,2983,3,60,128,62459,15,2676,36,2742,0,15,98710
338,Nevada,County,59,3042,0,60,602,63061,67,2743,23,2765,0,15,98710
339,Nevada,County,37,3079,2,62,532,63593,42,2785,16,2781,0,15,98710
340,Nevada,County,28,3107,0,62,471,64064,39,2824,24,2805,0,15,98710
341,Nevada,County,20,3127,2,64,441,64505,35,2859,42,2847,2,17,98710
342,Nevada,County,34,3161,1,65,512,65017,34,2893,41,2888,0,17,98710
343,Nevada,County,22,3183,1,66,231,65248,16,2909,44,2932,0,17,98710
344,Nevada,County,22,3205,0,66,100,65348,5,2914,27,2959,0,17,98710
345,Nevada,County,19,3224,0,66,558,65906,34,2948,21,2980,0,17,98710
346,Nevada,County,27,3251,0,66,438,66344,35,2983,34,3014,0,17,98710
347,Nevada,County,28,3279,0,66,444,66788,34,3017,23,3037,0,17,98710
348,Nevada,County,23,3302,0,66,445,67233,26,3043,38,3075,0,17,98710
349,Nevada,County,27,3329,1,67,421,67654,42,3085,24,3099,0,17,98710
350,Nevada,County,13,3342,0,67,232,67886,11,3096,45,3144,0,17,98710
351,Nevada,County,33,3375,0,67,239,68125,17,3113,32,3176,0,17,98710
352,Nevada,County,25,3400,0,67,571,68696,36,3149,23,3199,0,17,98710
353,Nevada,County,38,3438,0,67,496,69192,44,3193,17,3216,1,18,98710
354,Nevada,County,18,3456,0,67,497,69689,26,3219,22,3238,0,18,98710
355,Nevada,County,32,3488,0,67,422,70111,35,3254,36,3274,0,18,98710
356,Nevada,County,29,3517,0,67,440,70551,26,3280,22,3296,0,18,98710
357,Nevada,County,25,3542,0,67,169,70720,23,3303,36,3332,0,18,98710
358,Nevada,County,11,3553,0,67,110,70830,4,3307,17,3349,0,18,98710
359,Nevada,County,42,3595,0,67,629,71459,57,3364,16,3365,0,18,98710
360,Nevada,County,14,3609,1,68,464,71923,29,3393,45,3410,0,18,98710
361,Nevada,County,7,3616,1,69,302,72225,7,3400,21,3431,0,18,98710
362,Nevada,County,22,3638,0,69,339,72564,28,3428,21,3452,1,19,98710
363,Nevada,County,15,3653,0,69,306,72870,19,3447,35,3487,1,20,98710
364,Nevada,County,9,3662,0,69,177,73047,9,3456,12,3499,0,20,98710
365,Nevada,County,19,3681,0,69,137,73184,10,3466,19,3518,0,20,98710
366,Nevada,County,22,3703,0,69,720,73904,39,3505,17,3535,0,20,98710
367,Nevada,County,17,3720,0,69,462,74366,26,3531,13,3548,0,20,98710
368,Nevada,County,15,3735,0,69,356,74722,26,3557,24,3572,15,35,98710
369,Nevada,County,14,3749,0,69,367,75089,16,3573,18,3590,2,37,98710
370,Nevada,County,20,3769,0,69,398,75487,27,3600,17,3607,6,43,98710
371,Nevada,County,3,3772,0,69,133,75620,6,3606,17,3624,0,43,98710
372,Nevada,County,12,3784,0,69,102,75722,6,3612,19,3643,1,44,98710
373,Nevada,County,11,3795,1,70,702,76424,14,3626,28,3671,0,44,98710
374,Nevada,County,12,3807,0,70,407,76831,19,3645,16,3687,0,44,98710
375,Nevada,County,16,3823,0,70,428,77259,7,3652,6,3693,3,47,98710
376,Nevada,County,15,3838,0,70,348,77607,12,3664,27,3720,0,47,98710
377,Nevada,County,16,3854,0,70,398,78005,23,3687,8,3728,0,47,98710
378,Nevada,County,5,3859,0,70,175,78180,6,3693,14,3742,0,47,98710
379,Nevada,County,9,3868,0,70,68,78248,3,3696,19,3761,0,47,98710
380,Nevada,County,16,3884,0,70,400,78648,23,3719,6,3767,0,47,98710
381,Nevada,County,17,3901,0,70,506,79154,18,3737,7,3774,0,47,98710
382,Nevada,County,13,3914,0,70,331,79485,21,3758,48,3822,5,52,98710
383,Nevada,County,19,3933,0,70,309,79794,27,3785,14,3836,14,66,98710
384,Nevada,County,9,3942,0,70,329,80123,13,3798,27,3863,0,66,98710
385,Nevada,County,6,3948,0,70,142,80265,9,3807,24,3887,0,66,98710
386,Nevada,County,10,3958,0,70,99,80364,5,3812,8,3895,0,66,98710
387,Nevada,County,13,3971,0,70,532,80896,18,3830,5,3900,0,66,98710
388,Nevada,County,9,3980,0,70,381,81277,16,3846,12,3912,0,66,98710
389,Nevada,County,8,3988,0,70,390,81667,13,3859,15,3927,0,66,98710
390,Nevada,County,10,3998,0,70,283,81950,11,3870,13,3940,0,66,98710
391,Nevada,County,17,4015,0,70,335,82285,17,3887,12,3952,0,66,98710
392,Nevada,County,11,4026,0,70,142,82427,6,3893,8,3960,0,66,98710
393,Nevada,County,6,4032,0,70,94,82521,3,3896,12,3972,0,66,98710
394,Nevada,County,13,4045,0,70,521,83042,28,3924,7,3979,0,66,98710
395,Nevada,County,19,4064,0,70,429,83471,20,3944,4,3983,0,66,98710
396,Nevada,County,9,4073,0,70,400,83871,13,3957,26,4009,0,66,98710
397,Nevada,County,10,4083,0,70,263,84134,14,3971,11,4020,0,66,98710
398,Nevada,County,10,4093,0,70,380,84514,11,3982,13,4033,0,66,98710
399,Nevada,County,4,4097,0,70,135,84649,5,3987,11,4044,0,66,98710
400,Nevada,County,6,4103,0,70,89,84738,2,3989,8,4052,0,66,98710
401,Nevada,County,14,4117,0,70,565,85303,23,4012,7,4059,0,66,98710
402,Nevada,County,8,4125,0,70,395,85698,7,4019,3,4062,0,66,98710
403,Nevada,County,8,4133,0,70,327,86025,14,4033,12,4074,0,66,98710
404,Nevada,County,4,4137,0,70,338,86363,14,4047,11,4085,0,66,98710
405,Nevada,County,12,4149,0,70,442,86805,16,4063,16,4101,0,66,98710
406,Nevada,County,10,4159,0,70,158,86963,5,4068,10,4111,0,66,98710
407,Nevada,County,7,4166,0,70,102,87065,2,4070,11,4122,0,66,98710
408,Nevada,County,6,4172,0,70,582,87647,19,4089,1,4123,0,66,98710
409,Nevada,County,5,4177,0,70,404,88051,9,4098,9,4132,1,67,98710
410,Nevada,County,9,4186,0,70,430,88481,13,4111,13,4145,7,74,98710
411,Nevada,County,10,4196,0,70,256,88737,7,4118,9,4154,0,74,98710
412,Nevada,County,7,4203,0,70,310,89047,7,4125,2,4156,14,88,98710
413,Nevada,County,11,4214,0,70,208,89255,6,4131,8,4164,1,89,98710
414,Nevada,County,11,4225,0,70,83,89338,3,4134,5,4169,0,89,98710
415,Nevada,County,13,4238,0,70,550,89888,13,4147,5,4174,0,89,98710
416,Nevada,County,10,4248,0,70,558,90446,16,4163,5,4179,0,89,98710
417,Nevada,County,19,4267,0,70,401,90847,18,4181,12,4191,-4,85,98710
418,Nevada,County,14,4281,0,70,340,91187,10,4191,11,4202,-1,84,98710
419,Nevada,County,18,4299,0,70,306,91493,20,4211,20,4222,-1,83,98710
420,Nevada,County,20,4319,0,70,155,91648,19,4230,9,4231,-15,68,98710
421,Nevada,County,10,4329,0,70,84,91732,5,4235,8,4239,0,68,98710
422,Nevada,County,14,4343,0,70,478,92210,22,4257,19,4258,0,68,98710
423,Nevada,County,7,4350,0,70,384,92594,13,4270,8,4266,0,68,98710
424,Nevada,County,12,4362,1,71,276,92870,12,4282,17,4283,0,68,98710
425,Nevada,County,6,4368,0,71,258,93128,17,4299,5,4288,0,68,98710
243,Orange,County,192,56064,13,1425,6711,907609,257,66469,172,53088,6,1257,3228519
244,Orange,County,165,56229,6,1431,7297,914906,249,66718,211,53299,5,1262,3228519
245,Orange,County,131,56360,6,1437,3577,918483,140,66858,274,53573,6,1268,3228519
246,Orange,County,117,56477,8,1445,2743,921226,107,66965,393,53966,2,1270,3228519
247,Orange,County,236,56713,8,1453,9512,930738,257,67222,137,54103,1,1271,3228519
248,Orange,County,214,56927,3,1456,11706,942444,271,67493,100,54203,2,1273,3228519
249,Orange,County,215,57142,4,1460,10056,952500,269,67762,129,54332,4,1277,3228519
250,Orange,County,219,57361,6,1466,8579,961079,314,68076,191,54523,16,1293,3228519
251,Orange,County,194,57555,6,1472,8234,969313,254,68330,223,54746,12,1305,3228519
252,Orange,County,169,57724,2,1474,4344,973657,183,68513,219,54965,19,1324,3228519
253,Orange,County,121,57845,4,1478,2985,976642,113,68626,237,55202,2,1326,3228519
254,Orange,County,229,58074,5,1483,10015,986657,287,68913,171,55373,0,1326,3228519
255,Orange,County,230,58304,0,1483,11609,998266,316,69229,142,55515,0,1326,3228519
256,Orange,County,212,58516,5,1488,10609,1008875,263,69492,241,55756,22,1348,3228519
257,Orange,County,211,58727,3,1491,8550,1017425,296,69788,196,55952,31,1379,3228519
258,Orange,County,216,58943,1,1492,7958,1025383,288,70076,139,56091,9,1388,3228519
259,Orange,County,176,59119,2,1494,3991,1029374,187,70263,106,56197,8,1396,3228519
260,Orange,County,140,59259,1,1495,3180,1032554,138,70401,197,56394,0,1396,3228519
261,Orange,County,299,59558,3,1498,10824,1043378,339,70740,258,56652,0,1396,3228519
262,Orange,County,285,59843,3,1501,11456,1054834,309,71049,262,56914,1,1397,3228519
263,Orange,County,264,60107,4,1505,10392,1065226,355,71404,275,57189,12,1409,3228519
264,Orange,County,212,60319,6,1511,9214,1074440,319,71723,229,57418,13,1422,3228519
265,Orange,County,214,60533,3,1514,8391,1082831,304,72027,177,57595,8,1430,3228519
266,Orange,County,171,60704,8,1522,3968,1086799,189,72216,333,57928,11,1441,3228519
267,Orange,County,153,60857,4,1526,3162,1089961,144,72360,257,58185,2,1443,3228519
268,Orange,County,289,61146,0,1526,9862,1099823,307,72667,192,58377,-1,1442,3228519
269,Orange,County,203,61349,3,1529,10117,1109940,244,72911,173,58550,6,1448,3228519
270,Orange,County,270,61619,2,1531,11530,1121470,346,73257,251,58801,11,1459,3228519
271,Orange,County,263,61882,3,1534,9584,1131054,333,73590,245,59046,5,1464,3228519
272,Orange,County,268,62150,3,1537,8833,1139887,289,73879,288,59334,5,1469,3228519
273,Orange,County,241,62391,4,1541,4338,1144225,224,74103,154,59488,4,1473,3228519
274,Orange,County,259,62650,3,1544,3394,1147619,163,74266,245,59733,2,1475,3228519
275,Orange,County,402,63052,3,1547,11618,1159237,436,74702,263,59996,-1,1474,3228519
276,Orange,County,403,63455,1,1548,13433,1172670,445,75147,287,60283,3,1477,3228519
277,Orange,County,428,63883,4,1552,11798,1184468,503,75650,180,60463,6,1483,3228519
278,Orange,County,433,64316,2,1554,10629,1195097,551,76201,277,60740,1,1484,3228519
279,Orange,County,446,64762,3,1557,10267,1205364,507,76708,309,61049,10,1494,3228519
280,Orange,County,303,65065,0,1557,4724,1210088,258,76966,989,62038,11,1505,3228519
281,Orange,County,286,65351,3,1560,3954,1214042,224,77190,-4,62034,-4,1501,3228519
282,Orange,County,587,65938,5,1565,13948,1227990,619,77809,301,62335,0,1501,3228519
283,Orange,County,640,66578,6,1571,15027,1243017,630,78439,262,62597,3,1504,3228519
284,Orange,County,549,67127,5,1576,10124,1253141,514,78953,332,62929,2,1506,3228519
285,Orange,County,637,67764,5,1581,12196,1265337,759,79712,303,63232,8,1514,3228519
286,Orange,County,745,68509,2,1583,12243,1277580,792,80504,572,63804,0,1514,3228519
287,Orange,County,600,69109,6,1589,6514,1284094,584,81088,536,64340,3,1517,3228519
288,Orange,County,620,69729,12,1601,4943,1289037,473,81561,668,65008,2,1519,3228519
289,Orange,County,1039,70768,5,1606,16079,1305116,1113,82674,388,65396,0,1519,3228519
290,Orange,County,1096,71864,9,1615,17903,1323019,1248,83922,361,65757,0,1519,3228519
291,Orange,County,1147,73011,7,1622,18086,1341105,1248,85170,624,66381,2,1521,3228519
292,Orange,County,1093,74104,8,1630,16730,1357835,1319,86489,617,66998,9,1530,3228519
293,Orange,County,1263,75367,5,1635,16643,1374478,1403,87892,1214,68212,2,1532,3228519
294,Orange,County,831,76198,4,1639,9303,1383781,844,88736,809,69021,11,1543,3228519
295,Orange,County,803,77001,4,1643,6697,1390478,762,89498,892,69913,3,1546,3228519
296,Orange,County,1410,78411,3,1646,20183,1410661,1526,91024,1161,71074,0,1546,3228519
297,Orange,County,1402,79813,5,1651,21229,1431890,1740,92764,901,71975,1,1547,3228519
298,Orange,County,1442,81255,9,1660,16647,1448537,1700,94464,1039,73014,4,1551,3228519
299,Orange,County,752,82007,10,1670,2948,1451485,430,94894,1250,74264,12,1563,3228519
300,Orange,County,1360,83367,6,1676,9361,1460846,1294,96188,887,75151,5,1568,3228519
301,Orange,County,1286,84653,12,1688,9184,1470030,1342,97530,1731,76882,0,1568,3228519
302,Orange,County,1096,85749,15,1703,6579,1476609,997,98527,1175,78057,-1,1567,3228519
303,Orange,County,2019,87768,14,1717,21260,1497869,2398,100925,654,78711,1,1568,3228519
304,Orange,County,2107,89875,8,1725,22552,1520421,2302,103227,757,79468,-1,1567,3228519
305,Orange,County,2094,91969,6,1731,21021,1541442,2465,105692,1578,81046,2,1569,3228519
306,Orange,County,2192,94161,15,1746,20636,1562078,2760,108452,1141,82187,22,1591,3228519
307,Orange,County,2514,96675,9,1755,20181,1582259,2876,111328,1551,83738,6,1597,3228519
308,Orange,County,1917,98592,11,1766,11374,1593633,2030,113358,1997,85735,15,1612,3228519
309,Orange,County,1458,100050,10,1776,6967,1600600,1220,114578,2002,87737,15,1627,3228519
310,Orange,County,3059,103109,22,1798,24187,1624787,3375,117953,2056,89793,1,1628,3228519
311,Orange,County,3258,106367,16,1814,26634,1651421,3638,121591,1613,91406,1,1629,3228519
312,Orange,County,3207,109574,16,1830,25899,1677320,3809,125400,2357,93763,0,1629,3228519
313,Orange,County,3084,112658,20,1850,22001,1699321,3380,128780,1534,95297,22,1651,3228519
314,Orange,County,3084,115742,22,1872,22424,1721745,3411,132191,3060,98357,5,1656,3228519
315,Orange,County,2299,118041,15,1887,12495,1734240,2265,134456,2111,100468,18,1674,3228519
316,Orange,County,1872,119913,31,1918,8185,1742425,1665,136121,4300,104768,14,1688,3228519
317,Orange,County,3913,123826,31,1949,27352,1769777,4391,140512,3834,108602,0,1688,3228519
318,Orange,County,3874,127700,24,1973,28440,1798217,4811,145323,4291,112893,1,1689,3228519
319,Orange,County,3653,131353,32,2005,27118,1825335,4534,149857,2367,115260,23,1712,3228519
320,Orange,County,3464,134817,36,2041,28458,1853793,4596,154453,3107,118367,13,1725,3228519
321,Orange,County,3367,138184,33,2074,25201,1878994,4013,158466,3314,121681,0,1725,3228519
322,Orange,County,2429,140613,32,2106,16047,1895041,2713,161179,3893,125574,8,1733,3228519
323,Orange,County,1916,142529,29,2135,8485,1903526,1588,162767,3206,128780,30,1763,3228519
324,Orange,County,3488,146017,42,2177,28572,1932098,4264,167031,1664,130444,9,1772,3228519
325,Orange,County,3401,149418,48,2225,28917,1961015,4428,171459,4406,134850,2,1774,3228519
326,Orange,County,3336,152754,40,2265,26755,1987770,4345,175804,3200,138050,-3,1771,3228519
327,Orange,County,2443,155197,50,2315,14133,2001903,2541,178345,3155,141205,4,1775,3228519
328,Orange,County,1477,156674,58,2373,3339,2005242,843,179188,3337,144542,39,1814,3228519
329,Orange,County,2678,159352,49,2422,12144,2017386,2728,181916,2762,147304,24,1838,3228519
330,Orange,County,2194,161546,40,2462,7831,2025217,1740,183656,1972,149276,1,1839,3228519
331,Orange,County,4386,165932,52,2514,27700,2052917,5221,188877,2813,152089,0,1839,3228519
332,Orange,County,4103,170035,55,2569,30092,2083009,5710,194587,2322,154411,0,1839,3228519
333,Orange,County,3790,173825,62,2631,28736,2111745,5261,199848,-460,153951,24,1863,3228519
334,Orange,County,2657,176482,63,2694,17538,2129283,3146,202994,7635,161586,3,1866,3228519
335,Orange,County,1879,178361,54,2748,4983,2134266,1104,204098,3854,165440,27,1893,3228519
336,Orange,County,2786,181147,69,2817,15997,2150263,3298,207396,3017,168457,25,1918,3228519
337,Orange,County,2182,183329,68,2885,9594,2159857,1932,209328,1424,169881,1,1919,3228519
338,Orange,County,4173,187502,60,2945,33406,2193263,5136,214464,2577,172458,-1,1918,3228519
339,Orange,County,3882,191384,69,3014,32457,2225720,5433,219897,2411,174869,0,1918,3228519
340,Orange,County,3639,195023,61,3075,29263,2254983,4826,224723,2817,177686,17,1935,3228519
341,Orange,County,3446,198469,61,3136,28347,2283330,4703,229426,4236,181922,39,1974,3228519
342,Orange,County,2833,201302,49,3185,24350,2307680,3828,233254,4686,186608,17,1991,3228519
343,Orange,County,1991,203293,46,3231,12628,2320308,2220,235474,4396,191004,43,2034,3228519
344,Orange,County,1498,204791,60,3291,8021,2328329,1360,236834,2762,193766,70,2104,3228519
345,Orange,County,2752,207543,55,3346,30870,2359199,3710,240544,2574,196340,9,2113,3228519
346,Orange,County,2564,210107,55,3401,31752,2390951,3998,244542,1920,198260,29,2142,3228519
347,Orange,County,2288,212395,50,3451,26681,2417632,3229,247771,2898,201158,30,2172,3228519
348,Orange,County,2077,214472,48,3499,25756,2443388,3101,250872,3284,204442,-10,2162,3228519
349,Orange,County,1919,216391,57,3556,22650,2466038,2590,253462,2687,207129,92,2254,3228519
350,Orange,County,1363,217754,56,3612,10518,2476556,1599,255061,2982,210111,58,2312,3228519
351,Orange,County,1035,218789,55,3667,6644,2483200,989,256050,2278,212389,47,2359,3228519
352,Orange,County,1996,220785,51,3718,23832,2507032,2578,258628,1477,213866,46,2405,3228519
353,Orange,County,1909,222694,56,3774,25784,2532816,2670,261298,1378,215244,63,2468,3228519
354,Orange,County,1737,224431,54,3828,24092,2556908,2483,263781,1649,216893,32,2500,3228519
355,Orange,County,1537,225968,59,3887,24329,2581237,2498,266279,1974,218867,40,2540,3228519
356,Orange,County,1376,227344,47,3934,21165,2602402,2229,268508,1517,220384,2,2542,3228519
357,Orange,County,947,228291,37,3971,9775,2612177,1282,269790,1338,221722,76,2618,3228519
358,Orange,County,767,229058,40,4011,5329,2617506,759,270549,2131,223853,14,2632,3228519
359,Orange,County,1428,230486,27,4038,22887,2640393,2019,272568,1252,225105,64,2696,3228519
360,Orange,County,1201,231687,44,4082,23243,2663636,1967,274535,882,225987,64,2760,3228519
361,Orange,County,1128,232815,42,4124,20155,2683791,1790,276325,1123,227110,72,2832,3228519
362,Orange,County,1122,233937,36,4160,20912,2704703,1760,278085,1526,228636,28,2860,3228519
363,Orange,County,977,234914,45,4205,17784,2722487,1472,279557,1281,229917,107,2967,3228519
364,Orange,County,680,235594,42,4247,8225,2730712,1015,280572,1441,231358,46,3013,3228519
365,Orange,County,544,236138,30,4277,5541,2736253,601,281173,989,232347,40,3053,3228519
366,Orange,County,1014,237152,39,4316,20618,2756871,1489,282662,808,233155,47,3100,3228519
367,Orange,County,909,238061,41,4357,20123,2776994,1468,284130,628,233783,52,3152,3228519
368,Orange,County,797,238858,32,4389,17429,2794423,1298,285428,955,234738,37,3189,3228519
369,Orange,County,743,239601,34,4423,17992,2812415,1262,286690,939,235677,49,3238,3228519
370,Orange,County,642,240243,30,4453,14506,2826921,1122,287812,658,236335,22,3260,3228519
371,Orange,County,422,240665,29,4482,7267,2834188,687,288499,1056,237391,33,3293,3228519
372,Orange,County,361,241026,24,4506,4822,2839010,454,288953,764,238155,43,3336,3228519
373,Orange,County,598,241624,23,4529,19132,2858142,970,289923,560,238715,25,3361,3228519
374,Orange,County,468,242092,26,4555,18072,2876214,828,290751,454,239169,45,3406,3228519
375,Orange,County,415,242507,28,4583,15958,2892172,749,291500,805,239974,33,3439,3228519
376,Orange,County,418,242925,23,4606,14922,2907094,711,292211,616,240590,37,3476,3228519
377,Orange,County,364,243289,27,4633,11600,2918694,594,292805,485,241075,29,3505,3228519
378,Orange,County,238,243527,25,4658,5351,2924045,423,293228,470,241545,15,3520,3228519
379,Orange,County,204,243731,22,4680,3841,2927886,257,293485,314,241859,44,3564,3228519
380,Orange,County,307,244038,21,4701,12893,2940779,533,294018,317,242176,22,3586,3228519
381,Orange,County,319,244357,13,4714,17161,2957940,567,294585,206,242382,26,3612,3228519
382,Orange,County,322,244679,15,4729,14664,2972604,492,295077,334,242716,14,3626,3228519
383,Orange,County,266,244945,21,4750,12599,2985203,440,295517,382,243098,47,3673,3228519
384,Orange,County,218,245163,17,4767,11245,2996448,376,295893,299,243397,42,3715,3228519
385,Orange,County,179,245342,14,4781,5457,3001905,279,296172,364,243761,40,3755,3228519
386,Orange,County,166,245508,17,4798,4036,3005941,231,296403,224,243985,46,3801,3228519
387,Orange,County,297,245805,11,4809,15095,3021036,425,296828,133,244118,42,3843,3228519
388,Orange,County,237,246042,10,4819,15145,3036181,367,297195,448,244566,0,3843,3228519
389,Orange,County,196,246238,20,4839,13165,3049346,338,297533,177,244743,-8,3835,3228519
390,Orange,County,215,246453,11,4850,11127,3060473,357,297890,257,245000,47,3882,3228519
391,Orange,County,174,246627,12,4862,10552,3071025,294,298184,278,245278,36,3918,3228519
392,Orange,County,140,246767,18,4880,4567,3075592,219,298403,264,245542,42,3960,3228519
393,Orange,County,126,246893,12,4892,3509,3079101,147,298550,164,245706,10,3970,3228519
394,Orange,County,199,247092,14,4906,16167,3095268,303,298853,146,245852,6,3976,3228519
395,Orange,County,191,247283,16,4922,15270,3110538,292,299145,152,246004,61,4037,3228519
396,Orange,County,146,247429,12,4934,12729,3123267,227,299372,116,246120,35,4072,3228519
397,Orange,County,144,247573,14,4948,10104,3133371,246,299618,234,246354,24,4096,3228519
398,Orange,County,154,247727,12,4960,10005,3143376,213,299831,135,246489,12,4108,3228519
399,Orange,County,114,247841,12,4972,4858,3148234,149,299980,145,246634,57,4165,3228519
400,Orange,County,91,247932,5,4977,3542,3151776,125,300105,137,246771,53,4218,3228519
401,Orange,County,189,248121,7,4984,15269,3167045,243,300348,129,246900,25,4243,3228519
402,Orange,County,171,248292,10,4994,14031,3181076,253,300601,89,246989,67,4310,3228519
403,Orange,County,142,248434,7,5001,11783,3192859,209,300810,86,247075,32,4342,3228519
404,Orange,County,144,248578,10,5011,9630,3202489,247,301057,142,247217,31,4373,3228519
405,Orange,County,138,248716,4,5015,9206,3211695,206,301263,171,247388,28,4401,3228519
406,Orange,County,92,248808,5,5020,4188,3215883,126,301389,126,247514,22,4423,3228519
407,Orange,County,80,248888,7,5027,3278,3219161,92,301481,142,247656,37,4460,3228519
408,Orange,County,134,249022,8,5035,15130,3234291,183,301664,41,247697,21,4481,3228519
409,Orange,County,112,249134,2,5037,13619,3247910,203,301867,146,247843,-2,4479,3228519
410,Orange,County,135,249269,5,5042,14207,3262117,205,302072,100,247943,23,4502,3228519
411,Orange,County,118,249387,5,5047,9796,3271913,175,302247,107,248050,12,4514,3228519
412,Orange,County,103,249490,1,5048,9779,3281692,180,302427,96,248146,-13,4501,3228519
413,Orange,County,99,249589,4,5052,4259,3285951,121,302548,202,248348,21,4522,3228519
414,Orange,County,81,249670,3,5055,3492,3289443,91,302639,94,248442,76,4598,3228519
415,Orange,County,132,249802,6,5061,15758,3305201,185,302824,75,248517,1,4599,3228519
416,Orange,County,150,249952,4,5065,13355,3318556,183,303007,144,248661,27,4626,3228519
417,Orange,County,126,250078,5,5070,12688,3331244,185,303192,114,248775,12,4638,3228519
418,Orange,County,116,250194,5,5075,10399,3341643,183,303375,96,248871,17,4655,3228519
419,Orange,County,113,250307,3,5078,9669,3351312,176,303551,124,248995,16,4671,3228519
420,Orange,County,63,250370,2,5080,4395,3355707,81,303632,165,249160,27,4698,3228519
421,Orange,County,94,250464,1,5081,3824,3359531,89,303721,78,249238,15,4713,3228519
422,Orange,County,153,250617,3,5084,14781,3374312,173,303894,57,249295,0,4713,3228519
423,Orange,County,112,250729,3,5087,13999,3388311,181,304075,117,249412,14,4727,3228519
424,Orange,County,128,250857,5,5092,11543,3399854,177,304252,106,249518,4,4731,3228519
425,Orange,County,111,250968,2,5094,10232,3410086,166,304418,99,249617,11,4742,3228519
243,Placer,County,21,3747,0,54,1058,100009,19,4045,14,3599,2,45,400434
244,Placer,County,28,3775,1,55,1062,101071,18,4063,13,3612,1,46,400434
245,Placer,County,20,3795,0,55,483,101554,16,4079,36,3648,1,47,400434
246,Placer,County,11,3806,0,55,409,101963,7,4086,16,3664,-1,46,400434
247,Placer,County,21,3827,1,56,1203,103166,23,4109,6,3670,0,46,400434
248,Placer,County,26,3853,0,56,1528,104694,21,4130,10,3680,2,48,400434
249,Placer,County,22,3875,0,56,1137,105831,33,4163,13,3693,0,48,400434
250,Placer,County,16,3891,1,57,1074,106905,24,4187,22,3715,0,48,400434
251,Placer,County,18,3909,0,57,1022,107927,25,4212,22,3737,0,48,400434
252,Placer,County,13,3922,0,57,505,108432,16,4228,20,3757,0,48,400434
253,Placer,County,17,3939,0,57,419,108851,6,4234,30,3787,0,48,400434
254,Placer,County,21,3960,0,57,1139,109990,18,4252,21,3808,0,48,400434
255,Placer,County,33,3993,0,57,1575,111565,34,4286,17,3825,0,48,400434
256,Placer,County,37,4030,0,57,1035,112600,37,4323,4,3829,0,48,400434
257,Placer,County,23,4053,0,57,1093,113693,29,4352,19,3848,0,48,400434
258,Placer,County,28,4081,0,57,1021,114714,28,4380,16,3864,1,49,400434
259,Placer,County,20,4101,0,57,464,115178,12,4392,34,3898,0,49,400434
260,Placer,County,27,4128,0,57,434,115612,22,4414,40,3938,0,49,400434
261,Placer,County,48,4176,0,57,1324,116936,36,4450,24,3962,0,49,400434
262,Placer,County,48,4224,0,57,1642,118578,36,4486,35,3997,7,56,400434
263,Placer,County,38,4262,1,58,1134,119712,30,4516,10,4007,0,56,400434
264,Placer,County,36,4298,0,58,1006,120718,37,4553,29,4036,1,57,400434
265,Placer,County,50,4348,0,58,1019,121737,57,4610,37,4073,0,57,400434
266,Placer,County,46,4394,0,58,498,122235,20,4630,20,4093,0,57,400434
267,Placer,County,30,4424,0,58,473,122708,32,4662,47,4140,0,57,400434
268,Placer,County,52,4476,0,58,1324,124032,48,4710,21,4161,0,57,400434
269,Placer,County,43,4519,1,59,1564,125596,29,4739,36,4197,0,57,400434
270,Placer,County,48,4567,0,59,1298,126894,56,4795,39,4236,0,57,400434
271,Placer,County,56,4623,2,61,1234,128128,40,4835,34,4270,1,58,400434
272,Placer,County,45,4668,0,61,1246,129374,65,4900,65,4335,0,58,400434
273,Placer,County,47,4715,0,61,557,129931,44,4944,39,4374,0,58,400434
274,Placer,County,50,4765,0,61,563,130494,30,4974,48,4422,0,58,400434
275,Placer,County,65,4830,0,61,1471,131965,57,5031,39,4461,2,60,400434
276,Placer,County,69,4899,0,61,1449,133414,69,5100,53,4514,0,60,400434
277,Placer,County,74,4973,0,61,1326,134740,78,5178,12,4526,0,60,400434
278,Placer,County,78,5051,0,61,1346,136086,80,5258,101,4627,0,60,400434
279,Placer,County,67,5118,1,62,1295,137381,58,5316,53,4680,0,60,400434
280,Placer,County,75,5193,0,62,796,138177,78,5394,65,4745,0,60,400434
281,Placer,County,62,5255,0,62,773,138950,57,5451,55,4800,0,60,400434
282,Placer,County,101,5356,0,62,1754,140704,104,5555,43,4843,0,60,400434
283,Placer,County,84,5440,0,62,1683,142387,89,5644,59,4902,0,60,400434
284,Placer,County,80,5520,1,63,1302,143689,81,5725,79,4981,0,60,400434
285,Placer,County,83,5603,0,63,1471,145160,92,5817,63,5044,2,62,400434
286,Placer,County,110,5713,1,64,1437,146597,102,5919,78,5122,1,63,400434
287,Placer,County,105,5818,0,64,847,147444,100,6019,93,5215,0,63,400434
288,Placer,County,76,5894,2,66,748,148192,63,6082,115,5330,0,63,400434
289,Placer,County,154,6048,1,67,2080,150272,136,6218,57,5387,0,63,400434
290,Placer,County,120,6168,1,68,1810,152082,108,6326,48,5435,0,63,400434
291,Placer,County,162,6330,2,70,1981,154063,146,6472,108,5543,1,64,400434
292,Placer,County,176,6506,2,72,1810,155873,168,6640,69,5612,1,65,400434
293,Placer,County,189,6695,0,72,2104,157977,181,6821,75,5687,1,66,400434
294,Placer,County,131,6826,0,72,997,158974,109,6930,91,5778,-1,65,400434
295,Placer,County,110,6936,0,72,1067,160041,101,7031,102,5880,1,66,400434
296,Placer,County,220,7156,0,72,2061,162102,210,7241,119,5999,0,66,400434
297,Placer,County,205,7361,5,77,1902,164004,152,7393,148,6147,1,67,400434
298,Placer,County,181,7542,1,78,1803,165807,202,7595,74,6221,1,68,400434
299,Placer,County,76,7618,1,79,372,166179,56,7651,57,6278,0,68,400434
300,Placer,County,166,7784,2,81,1242,167421,151,7802,5,6283,0,68,400434
301,Placer,County,160,7944,2,83,1036,168457,142,7944,214,6497,2,70,400434
302,Placer,County,160,8104,3,86,1041,169498,128,8072,38,6535,2,72,400434
303,Placer,County,289,8393,1,87,2606,172104,274,8346,40,6575,0,72,400434
304,Placer,County,297,8690,2,89,2388,174492,277,8623,219,6794,0,72,400434
305,Placer,County,325,9015,1,90,2275,176767,344,8967,147,6941,1,73,400434
306,Placer,County,235,9250,3,93,2003,178770,258,9225,329,7270,0,73,400434
307,Placer,County,197,9447,3,96,1962,180732,253,9478,191,7461,3,76,400434
308,Placer,County,130,9577,2,98,989,181721,160,9638,350,7811,2,78,400434
309,Placer,County,120,9697,0,98,998,182719,124,9762,26,7837,4,82,400434
310,Placer,County,276,9973,1,99,2929,185648,311,10073,74,7911,0,82,400434
311,Placer,County,323,10296,0,99,2592,188240,330,10403,313,8224,0,82,400434
312,Placer,County,267,10563,2,101,2124,190364,274,10677,364,8588,3,85,400434
313,Placer,County,261,10824,4,105,2072,192436,266,10943,318,8906,5,90,400434
314,Placer,County,249,11073,4,109,1879,194315,230,11173,-2,8904,3,93,400434
315,Placer,County,160,11233,3,112,947,195262,136,11309,486,9390,2,95,400434
316,Placer,County,158,11391,5,117,1190,196452,154,11463,15,9405,0,95,400434
317,Placer,County,307,11698,2,119,2617,199069,296,11759,146,9551,0,95,400434
318,Placer,County,283,11981,4,123,2379,201448,315,12074,750,10301,0,95,400434
319,Placer,County,226,12207,6,129,2341,203789,266,12340,253,10554,1,96,400434
320,Placer,County,227,12434,5,134,2241,206030,239,12579,202,10756,3,99,400434
321,Placer,County,267,12701,3,137,2210,208240,293,12872,239,10995,5,104,400434
322,Placer,County,164,12865,3,140,1101,209341,169,13041,251,11246,1,105,400434
323,Placer,County,153,13018,1,141,1334,210675,161,13202,250,11496,0,105,400434
324,Placer,County,232,13250,5,146,2817,213492,243,13445,219,11715,0,105,400434
325,Placer,County,225,13475,8,154,2194,215686,246,13691,228,11943,0,105,400434
326,Placer,County,231,13706,4,158,2040,217726,253,13944,270,12213,6,111,400434
327,Placer,County,206,13912,6,164,1183,218909,190,14134,244,12457,10,121,400434
328,Placer,County,78,13990,3,167,377,219286,61,14195,203,12660,1,122,400434
329,Placer,County,181,14171,2,169,1146,220432,182,14377,156,12816,0,122,400434
330,Placer,County,166,14337,4,173,1071,221503,142,14519,201,13017,4,126,400434
331,Placer,County,288,14625,0,173,2580,224083,242,14761,217,13234,0,126,400434
332,Placer,County,341,14966,0,173,2192,226275,341,15102,158,13392,0,126,400434
333,Placer,County,237,15203,4,177,2079,228354,263,15365,148,13540,1,127,400434
334,Placer,County,252,15455,3,180,1821,230175,267,15632,168,13708,-1,126,400434
335,Placer,County,150,15605,4,184,618,230793,110,15742,279,13987,7,133,400434
336,Placer,County,164,15769,3,187,1016,231809,168,15910,195,14182,0,133,400434
337,Placer,County,174,15943,1,188,1291,233100,147,16057,137,14319,0,133,400434
338,Placer,County,247,16190,5,193,2916,236016,298,16355,303,14622,0,133,400434
339,Placer,County,274,16464,3,196,2597,238613,323,16678,101,14723,0,133,400434
340,Placer,County,231,16695,2,198,2365,240978,280,16958,217,14940,1,134,400434
341,Placer,County,186,16881,2,200,2175,243153,218,17176,215,15155,10,144,400434
342,Placer,County,183,17064,3,203,1812,244965,207,17383,246,15401,17,161,400434
343,Placer,County,127,17191,2,205,1023,245988,124,17507,208,15609,1,162,400434
344,Placer,County,100,17291,3,208,1153,247141,98,17605,170,15779,1,163,400434
345,Placer,County,176,17467,5,213,2783,249924,188,17793,140,15919,0,163,400434
346,Placer,County,180,17647,2,215,2288,252212,206,17999,168,16087,0,163,400434
347,Placer,County,181,17828,2,217,2397,254609,225,18224,185,16272,9,172,400434
348,Placer,County,126,17954,1,218,1947,256556,161,18385,216,16488,-3,169,400434
349,Placer,County,161,18115,3,221,1703,258259,178,18563,224,16712,4,173,400434
350,Placer,County,101,18216,1,222,757,259016,95,18658,283,16995,4,177,400434
351,Placer,County,59,18275,4,226,876,259892,50,18708,199,17194,4,181,400434
352,Placer,County,120,18395,3,229,1924,261816,136,18844,69,17263,1,182,400434
353,Placer,County,117,18512,4,233,2259,264075,141,18985,85,17348,0,182,400434
354,Placer,County,100,18612,0,233,1787,265862,113,19098,107,17455,4,186,400434
355,Placer,County,103,18715,5,238,1558,267420,102,19200,98,17553,4,190,400434
356,Placer,County,84,18799,2,240,1360,268780,100,19300,83,17636,3,193,400434
357,Placer,County,55,18854,0,240,657,269437,53,19353,-19,17617,0,193,400434
358,Placer,County,49,18903,1,241,621,270058,44,19397,222,17839,0,193,400434
359,Placer,County,111,19014,0,241,2160,272218,124,19521,97,17936,0,193,400434
360,Placer,County,93,19107,3,244,1708,273926,117,19638,80,18016,0,193,400434
361,Placer,County,73,19180,3,247,1258,275184,46,19684,90,18106,5,198,400434
362,Placer,County,72,19252,2,249,1437,276621,90,19774,140,18246,0,198,400434
363,Placer,County,69,19321,2,251,1234,277855,68,19842,121,18367,5,203,400434
364,Placer,County,56,19377,2,253,579,278434,55,19897,63,18430,2,205,400434
365,Placer,County,51,19428,1,254,588,279022,30,19927,76,18506,-1,204,400434
366,Placer,County,74,19502,1,255,2183,281205,103,20030,68,18574,0,204,400434
367,Placer,County,67,19569,1,256,1770,282975,84,20114,41,18615,1,205,400434
368,Placer,County,59,19628,0,256,1515,284490,69,20183,31,18646,5,210,400434
369,Placer,County,56,19684,4,260,1372,285862,79,20262,65,18711,0,210,400434
370,Placer,County,60,19744,2,262,1325,287187,65,20327,45,18756,1,211,400434
371,Placer,County,35,19779,1,263,597,287784,31,20358,80,18836,0,211,400434
372,Placer,County,37,19816,1,264,682,288466,34,20392,67,18903,0,211,400434
373,Placer,County,48,19864,0,264,2176,290642,75,20467,41,18944,0,211,400434
374,Placer,County,43,19907,1,265,1716,292358,52,20519,64,19008,9,220,400434
375,Placer,County,63,19970,0,265,1558,293916,71,20590,54,19062,0,220,400434
376,Placer,County,40,20010,5,270,1141,295057,47,20637,56,19118,4,224,400434
377,Placer,County,40,20050,0,270,1059,296116,58,20695,56,19174,6,230,400434
378,Placer,County,40,20090,1,271,543,296659,34,20729,40,19214,0,230,400434
379,Placer,County,20,20110,1,272,555,297214,25,20754,99,19313,0,230,400434
380,Placer,County,38,20148,2,274,1594,298808,33,20787,48,19361,0,230,400434
381,Placer,County,27,20175,1,275,1594,300402,38,20825,6,19367,0,230,400434
382,Placer,County,32,20207,0,275,1277,301679,35,20860,38,19405,0,230,400434
383,Placer,County,33,20240,0,275,1199,302878,34,20894,24,19429,2,232,400434
384,Placer,County,26,20266,0,275,1155,304033,43,20937,28,19457,4,236,400434
385,Placer,County,22,20288,2,277,552,304585,21,20958,52,19509,0,236,400434
386,Placer,County,41,20329,2,279,750,305335,35,20993,44,19553,2,238,400434
387,Placer,County,37,20366,0,279,1886,307221,49,21042,34,19587,0,238,400434
388,Placer,County,37,20403,0,279,1506,308727,38,21080,21,19608,0,238,400434
389,Placer,County,26,20429,1,280,1230,309957,49,21129,40,19648,1,239,400434
390,Placer,County,38,20467,1,281,1086,311043,35,21164,13,19661,0,239,400434
391,Placer,County,41,20508,1,282,1149,312192,55,21219,51,19712,0,239,400434
392,Placer,County,26,20534,1,283,541,312733,30,21249,14,19726,0,239,400434
393,Placer,County,36,20570,0,283,651,313384,20,21269,49,19775,0,239,400434
394,Placer,County,46,20616,0,283,2030,315414,47,21316,28,19803,0,239,400434
395,Placer,County,38,20654,0,283,1557,316971,42,21358,25,19828,0,239,400434
396,Placer,County,55,20709,0,283,1345,318316,80,21438,23,19851,0,239,400434
397,Placer,County,26,20735,0,283,1071,319387,41,21479,49,19900,0,239,400434
398,Placer,County,32,20767,0,283,1097,320484,32,21511,73,19973,0,239,400434
399,Placer,County,26,20793,1,284,498,320982,24,21535,57,20030,0,239,400434
400,Placer,County,23,20816,0,284,693,321675,26,21561,40,20070,0,239,400434
401,Placer,County,39,20855,0,284,1837,323512,35,21596,32,20102,0,239,400434
402,Placer,County,34,20889,0,284,1600,325112,36,21632,20,20122,0,239,400434
403,Placer,County,43,20932,0,284,1813,326925,42,21674,22,20144,0,239,400434
404,Placer,County,35,20967,0,284,1156,328081,46,21720,34,20178,0,239,400434
405,Placer,County,43,21010,0,284,1209,329290,42,21762,32,20210,0,239,400434
406,Placer,County,33,21043,0,284,516,329806,38,21800,28,20238,0,239,400434
407,Placer,County,20,21063,1,285,478,330284,20,21820,50,20288,-1,238,400434
408,Placer,County,33,21096,0,285,2157,332441,43,21863,20,20308,0,238,400434
409,Placer,County,23,21119,1,286,1893,334334,36,21899,31,20339,2,240,400434
410,Placer,County,33,21152,0,286,1425,335759,31,21930,30,20369,3,243,400434
411,Placer,County,27,21179,0,286,1117,336876,34,21964,52,20421,0,243,400434
412,Placer,County,33,21212,1,287,1132,338008,37,22001,30,20451,-1,242,400434
413,Placer,County,18,21230,0,287,522,338530,22,22023,54,20505,0,242,400434
414,Placer,County,22,21252,0,287,527,339057,21,22044,15,20520,0,242,400434
415,Placer,County,36,21288,1,288,2370,341427,33,22077,23,20543,0,242,400434
416,Placer,County,36,21324,0,288,2203,343630,41,22118,24,20567,6,248,400434
417,Placer,County,35,21359,0,288,1556,345186,43,22161,39,20606,2,250,400434
418,Placer,County,30,21389,0,288,1687,346873,48,22209,33,20639,2,252,400434
419,Placer,County,39,21428,0,288,1206,348079,31,22240,40,20679,7,259,400434
420,Placer,County,26,21454,0,288,565,348644,29,22269,38,20717,8,267,400434
421,Placer,County,20,21474,0,288,519,349163,21,22290,79,20796,0,267,400434
422,Placer,County,43,21517,0,288,2333,351496,48,22338,31,20827,0,267,400434
423,Placer,County,35,21552,0,288,1583,353079,38,22376,39,20866,4,271,400434
424,Placer,County,40,21592,1,289,1097,354176,42,22418,19,20885,0,271,400434
425,Placer,County,50,21642,1,290,1017,355193,51,22469,24,20909,3,274,400434
243,Plumas,County,0,51,0,0,58,3940,0,45,0,48,0,0,18997
244,Plumas,County,0,51,0,0,37,3977,0,45,0,48,0,0,18997
245,Plumas,County,0,51,0,0,4,3981,0,45,0,48,0,0,18997
246,Plumas,County,0,51,0,0,3,3984,0,45,1,49,0,0,18997
247,Plumas,County,0,51,0,0,63,4047,0,45,0,49,0,0,18997
248,Plumas,County,1,52,0,0,67,4114,0,45,0,49,0,0,18997
249,Plumas,County,0,52,0,0,54,4168,0,45,1,50,0,0,18997
250,Plumas,County,0,52,0,0,67,4235,0,45,0,50,0,0,18997
251,Plumas,County,0,52,0,0,44,4279,1,46,0,50,0,0,18997
252,Plumas,County,0,52,0,0,14,4293,0,46,1,51,0,0,18997
253,Plumas,County,0,52,0,0,8,4301,0,46,0,51,0,0,18997
254,Plumas,County,0,52,0,0,72,4373,0,46,0,51,0,0,18997
255,Plumas,County,0,52,0,0,47,4420,0,46,0,51,0,0,18997
256,Plumas,County,2,54,0,0,64,4484,1,47,1,52,0,0,18997
257,Plumas,County,4,58,0,0,60,4544,3,50,0,52,0,0,18997
258,Plumas,County,3,61,0,0,42,4586,1,51,0,52,0,0,18997
259,Plumas,County,1,62,0,0,6,4592,0,51,0,52,0,0,18997
260,Plumas,County,0,62,0,0,5,4597,0,51,0,52,0,0,18997
261,Plumas,County,2,64,0,0,88,4685,5,56,0,52,0,0,18997
262,Plumas,County,2,66,0,0,65,4750,2,58,1,53,0,0,18997
263,Plumas,County,3,69,0,0,74,4824,1,59,5,58,0,0,18997
264,Plumas,County,3,72,0,0,78,4902,4,63,4,62,0,0,18997
265,Plumas,County,3,75,0,0,38,4940,5,68,1,63,0,0,18997
266,Plumas,County,3,78,0,0,7,4947,0,68,0,63,0,0,18997
267,Plumas,County,6,84,0,0,16,4963,4,72,0,63,0,0,18997
268,Plumas,County,0,84,0,0,89,5052,4,76,0,63,0,0,18997
269,Plumas,County,2,86,0,0,97,5149,3,79,0,63,0,0,18997
270,Plumas,County,3,89,0,0,116,5265,2,81,4,67,0,0,18997
271,Plumas,County,1,90,0,0,95,5360,1,82,2,69,0,0,18997
272,Plumas,County,2,92,0,0,47,5407,1,83,11,80,0,0,18997
273,Plumas,County,3,95,0,0,5,5412,0,83,5,85,0,0,18997
274,Plumas,County,1,96,0,0,10,5422,2,85,1,86,0,0,18997
275,Plumas,County,5,101,0,0,68,5490,1,86,0,86,0,0,18997
276,Plumas,County,8,109,0,0,177,5667,4,90,0,86,0,0,18997
277,Plumas,County,3,112,0,0,69,5736,6,96,2,88,0,0,18997
278,Plumas,County,2,114,0,0,109,5845,2,98,2,90,0,0,18997
279,Plumas,County,8,122,0,0,69,5914,3,101,0,90,0,0,18997
280,Plumas,County,5,127,0,0,25,5939,8,109,4,94,0,0,18997
281,Plumas,County,2,129,0,0,29,5968,2,111,8,102,0,0,18997
282,Plumas,County,5,134,0,0,103,6071,7,118,0,102,0,0,18997
283,Plumas,County,7,141,0,0,171,6242,6,124,6,108,0,0,18997
284,Plumas,County,4,145,0,0,120,6362,8,132,3,111,0,0,18997
285,Plumas,County,2,147,0,0,114,6476,5,137,10,121,0,0,18997
286,Plumas,County,4,151,0,0,37,6513,0,137,4,125,0,0,18997
287,Plumas,County,6,157,0,0,93,6606,7,144,3,128,0,0,18997
288,Plumas,County,5,162,0,0,23,6629,1,145,-1,127,0,0,18997
289,Plumas,County,6,168,0,0,134,6763,7,152,0,127,0,0,18997
290,Plumas,County,7,175,0,0,199,6962,11,163,15,142,0,0,18997
291,Plumas,County,8,183,0,0,164,7126,5,168,1,143,0,0,18997
292,Plumas,County,5,188,0,0,180,7306,9,177,15,158,0,0,18997
293,Plumas,County,5,193,0,0,194,7500,4,181,5,163,0,0,18997
294,Plumas,County,2,195,0,0,17,7517,0,181,9,172,0,0,18997
295,Plumas,County,5,200,0,0,36,7553,0,181,0,172,0,0,18997
296,Plumas,County,13,213,0,0,156,7709,9,190,0,172,0,0,18997
297,Plumas,County,4,217,0,0,149,7858,7,197,8,180,0,0,18997
298,Plumas,County,3,220,0,0,68,7926,8,205,3,183,0,0,18997
299,Plumas,County,5,225,0,0,12,7938,0,205,5,188,0,0,18997
300,Plumas,County,8,233,0,0,59,7997,6,211,0,188,0,0,18997
301,Plumas,County,3,236,0,0,20,8017,2,213,0,188,0,0,18997
302,Plumas,County,7,243,0,0,24,8041,2,215,3,191,0,0,18997
303,Plumas,County,5,248,0,0,116,8157,8,223,1,192,0,0,18997
304,Plumas,County,11,259,0,0,195,8352,13,236,9,201,0,0,18997
305,Plumas,County,12,271,0,0,122,8474,10,246,17,218,0,0,18997
306,Plumas,County,13,284,0,0,119,8593,13,259,5,223,0,0,18997
307,Plumas,County,14,298,0,0,66,8659,4,263,9,232,0,0,18997
308,Plumas,County,7,305,0,0,12,8671,2,265,14,246,0,0,18997
309,Plumas,County,7,312,0,0,17,8688,0,265,8,254,0,0,18997
310,Plumas,County,13,325,0,0,162,8850,21,286,2,256,0,0,18997
311,Plumas,County,11,336,0,0,176,9026,11,297,2,258,0,0,18997
312,Plumas,County,10,346,0,0,225,9251,10,307,13,271,0,0,18997
313,Plumas,County,8,354,0,0,101,9352,11,318,10,281,0,0,18997
314,Plumas,County,11,365,0,0,19,9371,8,326,5,286,0,0,18997
315,Plumas,County,8,373,1,1,14,9385,1,327,5,291,0,0,18997
316,Plumas,County,6,379,0,1,21,9406,1,328,0,291,0,0,18997
317,Plumas,County,6,385,0,1,76,9482,13,341,18,309,0,0,18997
318,Plumas,County,12,397,0,1,82,9564,7,348,4,313,0,0,18997
319,Plumas,County,5,402,0,1,167,9731,9,357,6,319,0,0,18997
320,Plumas,County,9,411,0,1,151,9882,12,369,5,324,0,0,18997
321,Plumas,County,9,420,0,1,135,10017,8,377,12,336,0,0,18997
322,Plumas,County,6,426,0,1,13,10030,1,378,7,343,0,0,18997
323,Plumas,County,3,429,1,2,32,10062,1,379,4,347,0,0,18997
324,Plumas,County,8,437,1,3,156,10218,14,393,6,353,0,0,18997
325,Plumas,County,4,441,0,3,152,10370,6,399,7,360,0,0,18997
326,Plumas,County,6,447,0,3,157,10527,9,408,9,369,0,0,18997
327,Plumas,County,7,454,0,3,54,10581,4,412,7,376,0,0,18997
328,Plumas,County,3,457,0,3,7,10588,1,413,5,381,0,0,18997
329,Plumas,County,7,464,0,3,9,10597,3,416,0,381,0,0,18997
330,Plumas,County,3,467,1,4,14,10611,1,417,9,390,0,0,18997
331,Plumas,County,6,473,0,4,125,10736,8,425,1,391,0,0,18997
332,Plumas,County,4,477,0,4,100,10836,5,430,4,395,1,1,18997
333,Plumas,County,9,486,0,4,131,10967,6,436,2,397,0,1,18997
334,Plumas,County,5,491,0,4,79,11046,5,441,4,401,0,1,18997
335,Plumas,County,5,496,0,4,22,11068,3,444,11,412,0,1,18997
336,Plumas,County,5,501,0,4,21,11089,2,446,1,413,0,1,18997
337,Plumas,County,3,504,0,4,29,11118,2,448,3,416,0,1,18997
338,Plumas,County,13,517,1,5,173,11291,15,463,3,419,0,1,18997
339,Plumas,County,10,527,0,5,154,11445,14,477,9,428,1,2,18997
340,Plumas,County,7,534,0,5,125,11570,12,489,17,445,0,2,18997
341,Plumas,County,8,542,0,5,101,11671,11,500,9,454,0,2,18997
342,Plumas,County,2,544,0,5,93,11764,6,506,11,465,0,2,18997
343,Plumas,County,6,550,0,5,66,11830,1,507,12,477,0,2,18997
344,Plumas,County,2,552,0,5,30,11860,0,507,0,477,0,2,18997
345,Plumas,County,10,562,0,5,182,12042,11,518,0,477,0,2,18997
346,Plumas,County,4,566,0,5,125,12167,7,525,6,483,0,2,18997
347,Plumas,County,6,572,0,5,138,12305,4,529,7,490,0,2,18997
348,Plumas,County,2,574,0,5,95,12400,1,530,6,496,0,2,18997
349,Plumas,County,8,582,0,5,86,12486,3,533,3,499,0,2,18997
350,Plumas,County,3,585,0,5,31,12517,5,538,3,502,0,2,18997
351,Plumas,County,2,587,0,5,10,12527,0,538,3,505,0,2,18997
352,Plumas,County,1,588,0,5,120,12647,3,541,1,506,0,2,18997
353,Plumas,County,4,592,0,5,117,12764,6,547,3,509,0,2,18997
354,Plumas,County,7,599,0,5,94,12858,5,552,3,512,0,2,18997
355,Plumas,County,2,601,0,5,126,12984,6,558,6,518,0,2,18997
356,Plumas,County,4,605,0,5,100,13084,6,564,4,522,0,2,18997
357,Plumas,County,2,607,0,5,45,13129,2,566,6,528,0,2,18997
358,Plumas,County,1,608,0,5,20,13149,1,567,4,532,0,2,18997
359,Plumas,County,3,611,0,5,142,13291,1,568,1,533,0,2,18997
360,Plumas,County,3,614,0,5,70,13361,3,571,3,536,0,2,18997
361,Plumas,County,2,616,0,5,98,13459,3,574,8,544,0,2,18997
362,Plumas,County,0,616,0,5,98,13557,0,574,3,547,0,2,18997
363,Plumas,County,1,617,0,5,88,13645,4,578,1,548,0,2,18997
364,Plumas,County,1,618,0,5,35,13680,0,578,6,554,0,2,18997
365,Plumas,County,2,620,0,5,31,13711,0,578,0,554,0,2,18997
366,Plumas,County,1,621,0,5,163,13874,3,581,0,554,0,2,18997
367,Plumas,County,2,623,0,5,163,14037,0,581,6,560,0,2,18997
368,Plumas,County,0,623,0,5,78,14115,2,583,-1,559,0,2,18997
369,Plumas,County,0,623,0,5,91,14206,1,584,3,562,0,2,18997
370,Plumas,County,3,626,0,5,112,14318,2,586,16,578,0,2,18997
371,Plumas,County,2,628,0,5,26,14344,1,587,6,584,0,2,18997
372,Plumas,County,0,628,0,5,30,14374,0,587,0,584,0,2,18997
373,Plumas,County,0,628,0,5,165,14539,1,588,0,584,0,2,18997
374,Plumas,County,1,629,0,5,106,14645,1,589,0,584,0,2,18997
375,Plumas,County,0,629,0,5,86,14731,2,591,5,589,0,2,18997
376,Plumas,County,3,632,0,5,124,14855,3,594,3,592,2,4,18997
377,Plumas,County,1,633,0,5,69,14924,1,595,22,614,0,4,18997
378,Plumas,County,1,634,0,5,24,14948,0,595,2,616,0,4,18997
379,Plumas,County,0,634,0,5,10,14958,0,595,4,620,0,4,18997
380,Plumas,County,1,635,0,5,177,15135,0,595,0,620,0,4,18997
381,Plumas,County,0,635,0,5,120,15255,1,596,-1,619,0,4,18997
382,Plumas,County,0,635,0,5,86,15341,0,596,4,623,0,4,18997
383,Plumas,County,1,636,0,5,154,15495,1,597,1,624,0,4,18997
384,Plumas,County,0,636,0,5,56,15551,0,597,0,624,0,4,18997
385,Plumas,County,2,638,0,5,13,15564,0,597,2,626,0,4,18997
386,Plumas,County,0,638,0,5,40,15604,0,597,-1,625,0,4,18997
387,Plumas,County,0,638,0,5,129,15733,1,598,0,625,0,4,18997
388,Plumas,County,0,638,0,5,78,15811,0,598,1,626,0,4,18997
389,Plumas,County,1,639,0,5,67,15878,1,599,0,626,0,4,18997
390,Plumas,County,2,641,0,5,144,16022,1,600,0,626,0,4,18997
391,Plumas,County,0,641,0,5,76,16098,0,600,2,628,0,4,18997
392,Plumas,County,0,641,0,5,18,16116,0,600,0,628,0,4,18997
393,Plumas,County,0,641,0,5,22,16138,0,600,0,628,0,4,18997
394,Plumas,County,0,641,0,5,100,16238,1,601,0,628,0,4,18997
395,Plumas,County,0,641,0,5,97,16335,0,601,0,628,0,4,18997
396,Plumas,County,2,643,0,5,74,16409,4,605,3,631,0,4,18997
397,Plumas,County,1,644,0,5,165,16574,1,606,3,634,0,4,18997
398,Plumas,County,0,644,0,5,61,16635,1,607,1,635,0,4,18997
399,Plumas,County,0,644,0,5,27,16662,1,608,-1,634,0,4,18997
400,Plumas,County,0,644,0,5,43,16705,0,608,1,635,0,4,18997
401,Plumas,County,1,645,0,5,87,16792,1,609,0,635,0,4,18997
402,Plumas,County,1,646,0,5,78,16870,0,609,4,639,0,4,18997
403,Plumas,County,3,649,0,5,188,17058,1,610,0,639,0,4,18997
404,Plumas,County,1,650,0,5,82,17140,1,611,1,640,0,4,18997
405,Plumas,County,1,651,0,5,51,17191,0,611,1,641,0,4,18997
406,Plumas,County,1,652,0,5,17,17208,0,611,1,642,0,4,18997
407,Plumas,County,2,654,0,5,16,17224,0,611,0,642,0,4,18997
408,Plumas,County,2,656,0,5,106,17330,5,616,0,642,0,4,18997
409,Plumas,County,0,656,0,5,77,17407,0,616,1,643,0,4,18997
410,Plumas,County,1,657,0,5,144,17551,3,619,2,645,0,4,18997
411,Plumas,County,1,658,0,5,104,17655,1,620,3,648,0,4,18997
412,Plumas,County,2,660,0,5,102,17757,1,621,2,650,0,4,18997
413,Plumas,County,0,660,0,5,16,17773,0,621,2,652,0,4,18997
414,Plumas,County,3,663,0,5,17,17790,0,621,1,653,0,4,18997
415,Plumas,County,0,663,0,5,126,17916,0,621,-1,652,0,4,18997
416,Plumas,County,0,663,0,5,108,18024,0,621,0,652,0,4,18997
417,Plumas,County,0,663,0,5,130,18154,0,621,0,652,0,4,18997
418,Plumas,County,2,665,0,5,83,18237,2,623,2,654,0,4,18997
419,Plumas,County,0,665,0,5,89,18326,1,624,0,654,0,4,18997
420,Plumas,County,1,666,0,5,20,18346,3,627,1,655,0,4,18997
421,Plumas,County,1,667,0,5,19,18365,1,628,2,657,0,4,18997
422,Plumas,County,2,669,0,5,148,18513,1,629,3,660,0,4,18997
423,Plumas,County,1,670,0,5,163,18676,2,631,1,661,0,4,18997
424,Plumas,County,0,670,0,5,58,18734,1,632,2,663,0,4,18997
425,Plumas,County,1,671,0,5,77,18811,1,633,1,664,0,4,18997
243,Riverside,County,353,60944,5,1268,6051,699746,437,68035,219,59293,3,1223,2468145
244,Riverside,County,250,61194,3,1271,4953,704699,305,68340,380,59673,0,1223,2468145
245,Riverside,County,221,61415,3,1274,3059,707758,213,68553,318,59991,3,1226,2468145
246,Riverside,County,155,61570,3,1277,2218,709976,114,68667,260,60251,0,1226,2468145
247,Riverside,County,286,61856,3,1280,6159,716135,273,68940,203,60454,6,1232,2468145
248,Riverside,County,319,62175,2,1282,8345,724480,423,69363,139,60593,6,1238,2468145
249,Riverside,County,264,62439,8,1290,7229,731709,306,69669,264,60857,3,1241,2468145
250,Riverside,County,347,62786,1,1291,6586,738295,397,70066,248,61105,3,1244,2468145
251,Riverside,County,268,63054,2,1293,6084,744379,294,70360,424,61529,8,1252,2468145
252,Riverside,County,236,63290,5,1298,3112,747491,264,70624,316,61845,2,1254,2468145
253,Riverside,County,203,63493,3,1301,2415,749906,149,70773,267,62112,0,1254,2468145
254,Riverside,County,289,63782,3,1304,6513,756419,310,71083,167,62279,0,1254,2468145
255,Riverside,County,312,64094,4,1308,8301,764720,378,71461,0,62279,0,1254,2468145
256,Riverside,County,319,64413,2,1310,7625,772345,363,71824,328,62607,7,1261,2468145
257,Riverside,County,283,64696,4,1314,7054,779399,353,72177,212,62819,5,1266,2468145
258,Riverside,County,331,65027,1,1315,6060,785459,419,72596,167,62986,1,1267,2468145
259,Riverside,County,225,65252,1,1316,3647,789106,272,72868,185,63171,3,1270,2468145
260,Riverside,County,197,65449,3,1319,2804,791910,189,73057,594,63765,0,1270,2468145
261,Riverside,County,310,65759,2,1321,7023,798933,343,73400,251,64016,2,1272,2468145
262,Riverside,County,430,66189,1,1322,8426,807359,493,73893,436,64452,3,1275,2468145
263,Riverside,County,381,66570,4,1326,7613,814972,408,74301,326,64778,3,1278,2468145
264,Riverside,County,294,66864,3,1329,7009,821981,375,74676,326,65104,1,1279,2468145
265,Riverside,County,334,67198,2,1331,6147,828128,376,75052,408,65512,0,1279,2468145
266,Riverside,County,239,67437,0,1331,4534,832662,261,75313,390,65902,9,1288,2468145
267,Riverside,County,209,67646,2,1333,2771,835433,168,75481,290,66192,1,1289,2468145
268,Riverside,County,452,68098,3,1336,7429,842862,462,75943,283,66475,5,1294,2468145
269,Riverside,County,454,68552,5,1341,8622,851484,539,76482,224,66699,5,1299,2468145
270,Riverside,County,353,68905,5,1346,6772,858256,423,76905,304,67003,3,1302,2468145
271,Riverside,County,398,69303,3,1349,6660,864916,432,77337,265,67268,2,1304,2468145
272,Riverside,County,377,69680,4,1353,6388,871304,472,77809,484,67752,13,1317,2468145
273,Riverside,County,341,70021,7,1360,3820,875124,350,78159,426,68178,2,1319,2468145
274,Riverside,County,356,70377,3,1363,3475,878599,225,78384,315,68493,0,1319,2468145
275,Riverside,County,629,71006,4,1367,8360,886959,599,78983,340,68833,2,1321,2468145
276,Riverside,County,631,71637,4,1371,10269,897228,692,79675,467,69300,4,1325,2468145
277,Riverside,County,616,72253,6,1377,9386,906614,699,80374,262,69562,10,1335,2468145
278,Riverside,County,615,72868,3,1380,7992,914606,729,81103,532,70094,3,1338,2468145
279,Riverside,County,710,73578,3,1383,8373,922979,828,81931,315,70409,3,1341,2468145
280,Riverside,County,447,74025,5,1388,4410,927389,429,82360,744,71153,4,1345,2468145
281,Riverside,County,393,74418,4,1392,3642,931031,301,82661,289,71442,0,1345,2468145
282,Riverside,County,652,75070,6,1398,8435,939466,672,83333,617,72059,1,1346,2468145
283,Riverside,County,781,75851,6,1404,10540,950006,935,84268,257,72316,13,1359,2468145
284,Riverside,County,641,76492,2,1406,8133,958139,669,84937,637,72953,2,1361,2468145
285,Riverside,County,901,77393,4,1410,10649,968788,1113,86050,428,73381,1,1362,2468145
286,Riverside,County,926,78319,8,1418,11050,979838,1038,87088,757,74138,10,1372,2468145
287,Riverside,County,737,79056,14,1432,6251,986089,738,87826,772,74910,1,1373,2468145
288,Riverside,County,738,79794,7,1439,5609,991698,650,88476,621,75531,1,1374,2468145
289,Riverside,County,1319,81113,6,1445,11904,1003602,1230,89706,918,76449,5,1379,2468145
290,Riverside,County,1368,82481,9,1454,13496,1017098,1474,91180,630,77079,0,1379,2468145
291,Riverside,County,1377,83858,3,1457,14467,1031565,1543,92723,660,77739,8,1387,2468145
292,Riverside,County,1464,85322,10,1467,14085,1045650,1669,94392,796,78535,15,1402,2468145
293,Riverside,County,1470,86792,6,1473,13199,1058849,1551,95943,1078,79613,3,1405,2468145
294,Riverside,County,1007,87799,6,1479,9437,1068286,1115,97058,1063,80676,2,1407,2468145
295,Riverside,County,772,88571,10,1489,6513,1074799,686,97744,889,81565,2,1409,2468145
296,Riverside,County,1587,90158,8,1497,14670,1089469,1757,99501,610,82175,6,1415,2468145
297,Riverside,County,1779,91937,8,1505,15937,1105406,2018,101519,1510,83685,5,1420,2468145
298,Riverside,County,1750,93687,13,1518,13841,1119247,1975,103494,1392,85077,18,1438,2468145
299,Riverside,County,537,94224,10,1528,1842,1121089,232,103726,697,85774,2,1440,2468145
300,Riverside,County,1589,95813,12,1540,8442,1129531,1558,105284,-5,85769,0,1440,2468145
301,Riverside,County,1601,97414,22,1562,7427,1136958,1607,106891,1085,86854,0,1440,2468145
302,Riverside,County,1402,98816,10,1572,6649,1143607,1217,108108,529,87383,2,1442,2468145
303,Riverside,County,2381,101197,14,1586,15944,1159551,2533,110641,339,87722,4,1446,2468145
304,Riverside,County,2986,104183,12,1598,19687,1179238,3160,113801,808,88530,2,1448,2468145
305,Riverside,County,2795,106978,9,1607,18634,1197872,3214,117015,1559,90089,3,1451,2468145
306,Riverside,County,2711,109689,15,1622,18040,1215912,3067,120082,2400,92489,10,1461,2468145
307,Riverside,County,2746,112435,22,1644,16451,1232363,3168,123250,2766,95255,14,1475,2468145
308,Riverside,County,2190,114625,15,1659,10535,1242898,2336,125586,3357,98612,2,1477,2468145
309,Riverside,County,1599,116224,25,1684,8093,1250991,1540,127126,1476,100088,5,1482,2468145
310,Riverside,County,3075,119299,18,1702,17299,1268290,3269,130395,2275,102363,9,1491,2468145
311,Riverside,County,3186,122485,24,1726,20044,1288334,3708,134103,5257,107620,23,1514,2468145
312,Riverside,County,3337,125822,26,1752,19409,1307743,3937,138040,2756,110376,29,1543,2468145
313,Riverside,County,3684,129506,22,1774,20578,1328321,4334,142374,2418,112794,9,1552,2468145
314,Riverside,County,3672,133178,18,1792,19307,1347628,4071,146445,2535,115329,21,1573,2468145
315,Riverside,County,3052,136230,11,1803,12155,1359783,3157,149602,3006,118335,6,1579,2468145
316,Riverside,County,2046,138276,27,1830,8709,1368492,1964,151566,1356,119691,2,1581,2468145
317,Riverside,County,4114,142390,22,1852,19018,1387510,4347,155913,4024,123715,7,1588,2468145
318,Riverside,County,4112,146502,17,1869,21693,1409203,4934,160847,8107,131822,36,1624,2468145
319,Riverside,County,4048,150550,26,1895,21907,1431110,4681,165528,3929,135751,40,1664,2468145
320,Riverside,County,4112,154662,19,1914,22333,1453443,4882,170410,3574,139325,32,1696,2468145
321,Riverside,County,3854,158516,27,1941,20785,1474228,4580,174990,3050,142375,37,1733,2468145
322,Riverside,County,2821,161337,37,1978,13661,1487889,3189,178179,4328,146703,4,1737,2468145
323,Riverside,County,1966,163303,37,2015,9362,1497251,1913,180092,2011,148714,5,1742,2468145
324,Riverside,County,4186,167489,32,2047,23403,1520654,4947,185039,2999,151713,1,1743,2468145
325,Riverside,County,4197,171686,27,2074,23640,1544294,5163,190202,3346,155059,34,1777,2468145
326,Riverside,County,3787,175473,43,2117,19954,1564248,4605,194807,3051,158110,13,1790,2468145
327,Riverside,County,2246,177719,46,2163,9115,1573363,2209,197016,4325,162435,26,1816,2468145
328,Riverside,County,919,178638,34,2197,1932,1575295,399,197415,4255,166690,9,1825,2468145
329,Riverside,County,3267,181905,49,2246,12211,1587506,3449,200864,2670,169360,9,1834,2468145
330,Riverside,County,2460,184365,40,2286,9325,1596831,2349,203213,2635,171995,2,1836,2468145
331,Riverside,County,4855,189220,53,2339,24458,1621289,5444,208657,2034,174029,19,1855,2468145
332,Riverside,County,4852,194072,49,2388,24858,1646147,5904,214561,3595,177624,49,1904,2468145
333,Riverside,County,4563,198635,44,2432,21663,1667810,5741,220302,-1222,176402,15,1919,2468145
334,Riverside,County,2905,201540,38,2470,12520,1680330,3250,223552,7791,184193,39,1958,2468145
335,Riverside,County,1533,203073,36,2506,2864,1683194,656,224208,4481,188674,32,1990,2468145
336,Riverside,County,3112,206185,46,2552,12296,1695490,3554,227762,3395,192069,18,2008,2468145
337,Riverside,County,2542,208727,45,2597,10103,1705593,2672,230434,2979,195048,-3,2005,2468145
338,Riverside,County,4780,213507,54,2651,23258,1728851,5689,236123,1761,196809,61,2066,2468145
339,Riverside,County,4473,217980,42,2693,25123,1753974,5737,241860,3630,200439,3,2069,2468145
340,Riverside,County,4114,222094,47,2740,24917,1778891,5151,247011,3275,203714,52,2121,2468145
341,Riverside,County,4007,226101,51,2791,23134,1802025,5062,252073,4463,208177,35,2156,2468145
342,Riverside,County,3331,229432,55,2846,19564,1821589,4250,256323,3945,212122,28,2184,2468145
343,Riverside,County,2359,231791,45,2891,12057,1833646,2876,259199,3954,216076,17,2201,2468145
344,Riverside,County,1703,233494,38,2929,8714,1842360,1873,261072,3410,219486,15,2216,2468145
345,Riverside,County,3340,236834,50,2979,21589,1863949,4276,265348,3421,222907,6,2222,2468145
346,Riverside,County,3495,240329,59,3038,24976,1888925,4693,270041,2673,225580,44,2266,2468145
347,Riverside,County,3116,243445,55,3093,22959,1911884,4320,274361,2612,228192,12,2278,2468145
348,Riverside,County,3123,246568,48,3141,22228,1934112,4358,278719,3492,231684,79,2357,2468145
349,Riverside,County,2618,249186,52,3193,20016,1954128,3817,282536,3551,235235,101,2458,2468145
350,Riverside,County,1832,251018,43,3236,11748,1965876,2552,285088,4177,239412,48,2506,2468145
351,Riverside,County,1348,252366,36,3272,8269,1974145,1654,286742,2794,242206,28,2534,2468145
352,Riverside,County,2087,254453,54,3326,16725,1990870,2785,289527,1945,244151,34,2568,2468145
353,Riverside,County,2275,256728,47,3373,20984,2011854,3359,292886,2097,246248,17,2585,2468145
354,Riverside,County,2059,258787,43,3416,18751,2030605,2981,295867,2438,248686,30,2615,2468145
355,Riverside,County,2008,260795,54,3470,18966,2049571,2932,298799,2321,251007,61,2676,2468145
356,Riverside,County,1715,262510,35,3505,16056,2065627,2554,301353,1433,252440,34,2710,2468145
357,Riverside,County,1123,263633,45,3550,8490,2074117,1544,302897,1196,253636,23,2733,2468145
358,Riverside,County,874,264507,34,3584,7181,2081298,1178,304075,3131,256767,28,2761,2468145
359,Riverside,County,1600,266107,27,3611,14708,2096006,2127,306202,1315,258082,28,2789,2468145
360,Riverside,County,1679,267786,32,3643,18728,2114734,2590,308792,1317,259399,109,2898,2468145
361,Riverside,County,1331,269117,41,3684,15652,2130386,2105,310897,1397,260796,33,2931,2468145
362,Riverside,County,1171,270288,29,3713,15065,2145451,1950,312847,1546,262342,50,2981,2468145
363,Riverside,County,763,271051,37,3750,10363,2155814,1143,313990,1162,263504,27,3008,2468145
364,Riverside,County,791,271842,27,3777,8572,2164386,1445,315435,1633,265137,53,3061,2468145
365,Riverside,County,590,272432,31,3808,6260,2170646,880,316315,1008,266145,13,3074,2468145
366,Riverside,County,970,273402,41,3849,13996,2184642,1454,317769,880,267025,18,3092,2468145
367,Riverside,County,908,274310,28,3877,15332,2199974,1498,319267,876,267901,77,3169,2468145
368,Riverside,County,836,275146,31,3908,13509,2213483,1423,320690,1118,269019,26,3195,2468145
369,Riverside,County,724,275870,26,3934,13153,2226636,1247,321937,832,269851,35,3230,2468145
370,Riverside,County,739,276609,33,3967,12602,2239238,1316,323253,815,270666,5,3235,2468145
371,Riverside,County,406,277015,24,3991,6169,2245407,750,324003,1075,271741,8,3243,2468145
372,Riverside,County,359,277374,23,4014,5049,2250456,544,324547,560,272301,24,3267,2468145
373,Riverside,County,512,277886,14,4028,12525,2262981,861,325408,603,272904,34,3301,2468145
374,Riverside,County,559,278445,22,4050,14801,2277782,977,326385,561,273465,33,3334,2468145
375,Riverside,County,487,278932,22,4072,11854,2289636,799,327184,256,273721,40,3374,2468145
376,Riverside,County,413,279345,16,4088,10937,2300573,713,327897,592,274313,20,3394,2468145
377,Riverside,County,365,279710,23,4111,9244,2309817,618,328515,479,274792,44,3438,2468145
378,Riverside,County,274,279984,15,4126,4863,2314680,423,328938,484,275276,24,3462,2468145
379,Riverside,County,228,280212,17,4143,3730,2318410,343,329281,242,275518,9,3471,2468145
380,Riverside,County,314,280526,15,4158,10152,2328562,519,329800,253,275771,-3,3468,2468145
381,Riverside,County,346,280872,15,4173,11168,2339730,653,330453,183,275954,3,3471,2468145
382,Riverside,County,301,281173,18,4191,12174,2351904,544,330997,335,276289,20,3491,2468145
383,Riverside,County,275,281448,13,4204,9970,2361874,493,331490,306,276595,19,3510,2468145
384,Riverside,County,279,281727,12,4216,8829,2370703,440,331930,346,276941,31,3541,2468145
385,Riverside,County,171,281898,16,4232,4802,2375505,268,332198,326,277267,18,3559,2468145
386,Riverside,County,151,282049,16,4248,4291,2379796,202,332400,288,277555,5,3564,2468145
387,Riverside,County,231,282280,11,4259,10419,2390215,370,332770,175,277730,3,3567,2468145
388,Riverside,County,259,282539,8,4267,10668,2400883,391,333161,345,278075,32,3599,2468145
389,Riverside,County,232,282771,8,4275,10258,2411141,357,333518,218,278293,4,3603,2468145
390,Riverside,County,221,282992,8,4283,8766,2419907,323,333841,251,278544,43,3646,2468145
391,Riverside,County,185,283177,8,4291,7565,2427472,270,334111,228,278772,7,3653,2468145
392,Riverside,County,144,283321,9,4300,3563,2431035,211,334322,276,279048,10,3663,2468145
393,Riverside,County,109,283430,16,4316,3719,2434754,136,334458,166,279214,-2,3661,2468145
394,Riverside,County,220,283650,6,4322,9815,2444569,289,334747,109,279323,19,3680,2468145
395,Riverside,County,215,283865,9,4331,10276,2454845,363,335110,163,279486,41,3721,2468145
396,Riverside,County,166,284031,3,4334,9693,2464538,262,335372,140,279626,14,3735,2468145
397,Riverside,County,129,284160,5,4339,8490,2473028,257,335629,245,279871,31,3766,2468145
398,Riverside,County,126,284286,6,4345,7629,2480657,207,335836,204,280075,15,3781,2468145
399,Riverside,County,110,284396,2,4347,3407,2484064,155,335991,150,280225,0,3781,2468145
400,Riverside,County,91,284487,7,4354,3869,2487933,117,336108,154,280379,-2,3779,2468145
401,Riverside,County,145,284632,8,4362,10930,2498863,229,336337,84,280463,4,3783,2468145
402,Riverside,County,140,284772,7,4369,10433,2509296,215,336552,99,280562,38,3821,2468145
403,Riverside,County,128,284900,7,4376,8959,2518255,203,336755,146,280708,1,3822,2468145
404,Riverside,County,137,285037,8,4384,7733,2525988,202,336957,173,280881,20,3842,2468145
405,Riverside,County,165,285202,8,4392,6838,2532826,195,337152,156,281037,12,3854,2468145
406,Riverside,County,98,285300,2,4394,3249,2536075,156,337308,154,281191,-6,3848,2468145
407,Riverside,County,87,285387,5,4399,3175,2539250,112,337420,141,281332,-3,3845,2468145
408,Riverside,County,152,285539,4,4403,10530,2549780,228,337648,35,281367,11,3856,2468145
409,Riverside,County,143,285682,1,4404,9398,2559178,198,337846,173,281540,37,3893,2468145
410,Riverside,County,106,285788,4,4408,8879,2568057,190,338036,109,281649,32,3925,2468145
411,Riverside,County,112,285900,3,4411,7395,2575452,166,338202,140,281789,32,3957,2468145
412,Riverside,County,79,285979,1,4412,7203,2582655,136,338338,148,281937,32,3989,2468145
413,Riverside,County,82,286061,6,4418,3410,2586065,104,338442,144,282081,11,4000,2468145
414,Riverside,County,73,286134,0,4418,3768,2589833,101,338543,106,282187,9,4009,2468145
415,Riverside,County,105,286239,1,4419,9324,2599157,179,338722,55,282242,0,4009,2468145
416,Riverside,County,93,286332,3,4422,8917,2608074,139,338861,75,282317,26,4035,2468145
417,Riverside,County,94,286426,5,4427,8366,2616440,146,339007,93,282410,23,4058,2468145
418,Riverside,County,83,286509,1,4428,7150,2623590,140,339147,82,282492,20,4078,2468145
419,Riverside,County,97,286606,3,4431,6882,2630472,128,339275,110,282602,31,4109,2468145
420,Riverside,County,78,286684,2,4433,3041,2633513,90,339365,105,282707,23,4132,2468145
421,Riverside,County,62,286746,1,4434,3352,2636865,75,339440,104,282811,0,4132,2468145
422,Riverside,County,102,286848,5,4439,10175,2647040,137,339577,56,282867,1,4133,2468145
423,Riverside,County,89,286937,2,4441,9366,2656406,129,339706,63,282930,21,4154,2468145
424,Riverside,County,118,287055,3,4444,6880,2663286,168,339874,76,283006,17,4171,2468145
425,Riverside,County,99,287154,2,4446,7281,2670567,119,339993,122,283128,22,4193,2468145
243,Sacramento,County,103,23284,1,472,4215,445278,97,25816,101,22714,4,433,1567975
244,Sacramento,County,111,23395,2,474,4016,449294,133,25949,104,22818,3,436,1567975
245,Sacramento,County,64,23459,4,478,1964,451258,65,26014,258,23076,1,437,1567975
246,Sacramento,County,50,23509,2,480,1711,452969,63,26077,86,23162,1,438,1567975
247,Sacramento,County,113,23622,5,485,6219,459188,122,26199,45,23207,0,438,1567975
248,Sacramento,County,104,23726,1,486,5300,464488,109,26308,115,23322,4,442,1567975
249,Sacramento,County,87,23813,2,488,4907,469395,115,26423,58,23380,10,452,1567975
250,Sacramento,County,96,23909,2,490,5992,475387,111,26534,102,23482,2,454,1567975
251,Sacramento,County,108,24017,1,491,4750,480137,127,26661,124,23606,3,457,1567975
252,Sacramento,County,70,24087,2,493,2183,482320,80,26741,83,23689,9,466,1567975
253,Sacramento,County,66,24153,4,497,1800,484120,59,26800,89,23778,0,466,1567975
254,Sacramento,County,140,24293,0,497,6164,490284,147,26947,29,23807,0,466,1567975
255,Sacramento,County,107,24400,2,499,5918,496202,119,27066,123,23930,0,466,1567975
256,Sacramento,County,78,24478,4,503,4466,500668,90,27156,83,24013,6,472,1567975
257,Sacramento,County,143,24621,1,504,4968,505636,162,27318,55,24068,2,474,1567975
258,Sacramento,County,118,24739,4,508,4520,510156,147,27465,76,24144,5,479,1567975
259,Sacramento,County,95,24834,2,510,2106,512262,83,27548,160,24304,3,482,1567975
260,Sacramento,County,85,24919,2,512,2113,514375,75,27623,121,24425,0,482,1567975
261,Sacramento,County,155,25074,4,516,6097,520472,152,27775,117,24542,1,483,1567975
262,Sacramento,County,139,25213,3,519,6228,526700,177,27952,225,24767,2,485,1567975
263,Sacramento,County,126,25339,0,519,4799,531499,144,28096,141,24908,5,490,1567975
264,Sacramento,County,191,25530,0,519,4920,536419,207,28303,146,25054,2,492,1567975
265,Sacramento,County,137,25667,1,520,4337,540756,119,28422,170,25224,4,496,1567975
266,Sacramento,County,107,25774,3,523,2141,542897,99,28521,148,25372,0,496,1567975
267,Sacramento,County,81,25855,2,525,1725,544622,93,28614,73,25445,0,496,1567975
268,Sacramento,County,215,26070,4,529,6541,551163,202,28816,110,25555,0,496,1567975
269,Sacramento,County,183,26253,3,532,6007,557170,190,29006,146,25701,5,501,1567975
270,Sacramento,County,186,26439,3,535,5419,562589,159,29165,137,25838,5,506,1567975
271,Sacramento,County,197,26636,1,536,5012,567601,209,29374,140,25978,1,507,1567975
272,Sacramento,County,211,26847,1,537,4826,572427,221,29595,169,26147,-2,505,1567975
273,Sacramento,County,147,26994,2,539,2277,574704,132,29727,169,26316,2,507,1567975
274,Sacramento,County,200,27194,1,540,2623,577327,121,29848,126,26442,1,508,1567975
275,Sacramento,County,318,27512,2,542,7063,584390,258,30106,234,26676,0,508,1567975
276,Sacramento,County,340,27852,4,546,5972,590362,294,30400,165,26841,2,510,1567975
277,Sacramento,County,382,28234,0,546,5910,596272,334,30734,164,27005,0,510,1567975
278,Sacramento,County,348,28582,1,547,6160,602432,360,31094,227,27232,2,512,1567975
279,Sacramento,County,383,28965,1,548,5864,608296,408,31502,257,27489,2,514,1567975
280,Sacramento,County,290,29255,6,554,3157,611453,289,31791,284,27773,1,515,1567975
281,Sacramento,County,250,29505,4,558,3402,614855,216,32007,286,28059,0,515,1567975
282,Sacramento,County,561,30066,3,561,8371,623226,573,32580,141,28200,1,516,1567975
283,Sacramento,County,472,30538,6,567,6881,630107,478,33058,477,28677,3,519,1567975
284,Sacramento,County,409,30947,6,573,5842,635949,425,33483,291,28968,1,520,1567975
285,Sacramento,County,454,31401,5,578,7086,643035,501,33984,491,29459,0,520,1567975
286,Sacramento,County,489,31890,4,582,6427,649462,469,34453,328,29787,4,524,1567975
287,Sacramento,County,317,32207,2,584,3125,652587,304,34757,511,30298,8,532,1567975
288,Sacramento,County,326,32533,5,589,3476,656063,295,35052,303,30601,2,534,1567975
289,Sacramento,County,625,33158,6,595,8536,664599,632,35684,353,30954,0,534,1567975
290,Sacramento,County,640,33798,3,598,8486,673085,687,36371,387,31341,4,538,1567975
291,Sacramento,County,594,34392,3,601,8513,681598,693,37064,475,31816,3,541,1567975
292,Sacramento,County,625,35017,4,605,8214,689812,700,37764,551,32367,5,546,1567975
293,Sacramento,County,517,35534,2,607,7794,697606,579,38343,465,32832,3,549,1567975
294,Sacramento,County,381,35915,4,611,3845,701451,365,38708,301,33133,-1,548,1567975
295,Sacramento,County,391,36306,10,621,4168,705619,357,39065,288,33421,7,555,1567975
296,Sacramento,County,732,37038,7,628,9069,714688,720,39785,720,34141,1,556,1567975
297,Sacramento,County,560,37598,10,638,7305,721993,553,40338,956,35097,12,568,1567975
298,Sacramento,County,679,38277,11,649,7284,729277,701,41039,590,35687,6,574,1567975
299,Sacramento,County,340,38617,6,655,1709,730986,254,41293,167,35854,6,580,1567975
300,Sacramento,County,643,39260,12,667,4795,735781,564,41857,725,36579,-1,579,1567975
301,Sacramento,County,621,39881,6,673,4377,740158,609,42466,326,36905,1,580,1567975
302,Sacramento,County,581,40462,7,680,4717,744875,578,43044,510,37415,5,585,1567975
303,Sacramento,County,1076,41538,6,686,10808,755683,1158,44202,419,37834,1,586,1567975
304,Sacramento,County,1078,42616,10,696,11560,767243,1143,45345,1132,38966,3,589,1567975
305,Sacramento,County,1047,43663,9,705,9455,776698,1116,46461,368,39334,8,597,1567975
306,Sacramento,County,1030,44693,6,711,9419,786117,1133,47594,946,40280,17,614,1567975
307,Sacramento,County,1048,45741,10,721,8900,795017,1146,48740,781,41061,4,618,1567975
308,Sacramento,County,761,46502,14,735,5343,800360,772,49512,817,41878,7,625,1567975
309,Sacramento,County,664,47166,10,745,5001,805361,646,50158,930,42808,13,638,1567975
310,Sacramento,County,1242,48408,19,764,12613,817974,1322,51480,611,43419,0,638,1567975
311,Sacramento,County,1092,49500,5,769,11319,829293,1178,52658,1216,44635,11,649,1567975
312,Sacramento,County,1067,50567,12,781,10052,839345,1140,53798,649,45284,10,659,1567975
313,Sacramento,County,1060,51627,21,802,9543,848888,1120,54918,1187,46471,5,664,1567975
314,Sacramento,County,894,52521,4,806,8486,857374,984,55902,997,47468,5,669,1567975
315,Sacramento,County,665,53186,6,812,5141,862515,695,56597,851,48319,4,673,1567975
316,Sacramento,County,581,53767,7,819,4875,867390,609,57206,1161,49480,9,682,1567975
317,Sacramento,County,1261,55028,13,832,12072,879462,1403,58609,824,50304,9,691,1567975
318,Sacramento,County,1108,56136,9,841,12110,891572,1211,59820,772,51076,12,703,1567975
319,Sacramento,County,1015,57151,11,852,9486,901058,1115,60935,1090,52166,12,715,1567975
320,Sacramento,County,972,58123,10,862,10320,911378,1105,62040,1023,53189,6,721,1567975
321,Sacramento,County,902,59025,14,876,8619,919997,1003,63043,791,53980,15,736,1567975
322,Sacramento,County,628,59653,12,888,4620,924617,636,63679,1189,55169,10,746,1567975
323,Sacramento,County,531,60184,16,904,5250,929867,589,64268,848,56017,9,755,1567975
324,Sacramento,County,995,61179,13,917,13304,943171,1227,65495,1047,57064,4,759,1567975
325,Sacramento,County,1016,62195,13,930,12222,955393,1167,66662,902,57966,13,772,1567975
326,Sacramento,County,925,63120,12,942,9768,965161,1010,67672,1695,59661,7,779,1567975
327,Sacramento,County,645,63765,12,954,5640,970801,672,68344,935,60596,9,788,1567975
328,Sacramento,County,275,64040,15,969,1509,972310,220,68564,1034,61630,8,796,1567975
329,Sacramento,County,693,64733,16,985,4867,977177,732,69296,805,62435,11,807,1567975
330,Sacramento,County,622,65355,19,1004,5086,982263,643,69939,981,63416,4,811,1567975
331,Sacramento,County,1202,66557,15,1019,12333,994596,1385,71324,906,64322,2,813,1567975
332,Sacramento,County,1228,67785,10,1029,13963,1008559,1582,72906,756,65078,7,820,1567975
333,Sacramento,County,1037,68822,10,1039,12710,1021269,1419,74325,-959,64119,27,847,1567975
334,Sacramento,County,871,69693,12,1051,8601,1029870,1023,75348,1698,65817,-17,830,1567975
335,Sacramento,County,517,70210,10,1061,2790,1032660,476,75824,1139,66956,18,848,1567975
336,Sacramento,County,601,70811,13,1074,4618,1037278,662,76486,854,67810,10,858,1567975
337,Sacramento,County,642,71453,10,1084,5486,1042764,641,77127,748,68558,1,859,1567975
338,Sacramento,County,1202,72655,10,1094,15641,1058405,1612,78739,1606,70164,11,870,1567975
339,Sacramento,County,1059,73714,15,1109,15158,1073563,1457,80196,513,70677,18,888,1567975
340,Sacramento,County,931,74645,8,1117,11920,1085483,1210,81406,895,71572,21,909,1567975
341,Sacramento,County,1018,75663,18,1135,12626,1098109,1308,82714,770,72342,10,919,1567975
342,Sacramento,County,905,76568,6,1141,9773,1107882,1170,83884,903,73245,20,939,1567975
343,Sacramento,County,576,77144,9,1150,4655,1112537,652,84536,1237,74482,14,953,1567975
344,Sacramento,County,524,77668,9,1159,5175,1117712,521,85057,912,75394,12,965,1567975
345,Sacramento,County,955,78623,9,1168,14255,1131967,1223,86280,615,76009,9,974,1567975
346,Sacramento,County,919,79542,8,1176,14689,1146656,1224,87504,1192,77201,11,985,1567975
347,Sacramento,County,744,80286,8,1184,11614,1158270,952,88456,1067,78268,11,996,1567975
348,Sacramento,County,654,80940,10,1194,10605,1168875,890,89346,869,79137,11,1007,1567975
349,Sacramento,County,637,81577,17,1211,8776,1177651,851,90197,1142,80279,16,1023,1567975
350,Sacramento,County,418,81995,8,1219,3752,1181403,469,90666,-1157,79122,10,1033,1567975
351,Sacramento,County,371,82366,11,1230,3463,1184866,397,91063,1032,80154,12,1045,1567975
352,Sacramento,County,593,82959,12,1242,9294,1194160,676,91739,392,80546,1,1046,1567975
353,Sacramento,County,674,83633,13,1255,12121,1206281,851,92590,637,81183,7,1053,1567975
354,Sacramento,County,532,84165,6,1261,8883,1215164,597,93187,504,81687,19,1072,1567975
355,Sacramento,County,565,84730,11,1272,9850,1225014,675,93862,616,82303,12,1084,1567975
356,Sacramento,County,479,85209,13,1285,7207,1232221,595,94457,558,82861,10,1094,1567975
357,Sacramento,County,330,85539,15,1300,3266,1235487,334,94791,547,83408,14,1108,1567975
358,Sacramento,County,227,85766,9,1309,3655,1239142,265,95056,702,84110,4,1112,1567975
359,Sacramento,County,574,86340,6,1315,10428,1249570,663,95719,543,84653,6,1118,1567975
360,Sacramento,County,452,86792,11,1326,10073,1259643,540,96259,409,85062,9,1127,1567975
361,Sacramento,County,354,87146,4,1330,7161,1266804,416,96675,366,85428,15,1142,1567975
362,Sacramento,County,365,87511,5,1335,7683,1274487,474,97149,270,85698,7,1149,1567975
363,Sacramento,County,365,87876,11,1346,6106,1280593,491,97640,622,86320,20,1169,1567975
364,Sacramento,County,254,88130,6,1352,3002,1283595,330,97970,68,86388,15,1184,1567975
365,Sacramento,County,194,88324,10,1362,3835,1287430,214,98184,172,86560,2,1186,1567975
366,Sacramento,County,440,88764,9,1371,9823,1297253,495,98679,296,86856,7,1193,1567975
367,Sacramento,County,397,89161,8,1379,9020,1306273,504,99183,251,87107,9,1202,1567975
368,Sacramento,County,292,89453,6,1385,8072,1314345,398,99581,308,87415,10,1212,1567975
369,Sacramento,County,323,89776,8,1393,7637,1321982,424,100005,243,87658,10,1222,1567975
370,Sacramento,County,303,90079,8,1401,6334,1328316,357,100362,334,87992,9,1231,1567975
371,Sacramento,County,179,90258,8,1409,2992,1331308,180,100542,540,88532,6,1237,1567975
372,Sacramento,County,218,90476,7,1416,3480,1334788,215,100757,387,88919,9,1246,1567975
373,Sacramento,County,333,90809,8,1424,9133,1343921,413,101170,348,89267,1,1247,1567975
374,Sacramento,County,288,91097,10,1434,9429,1353350,394,101564,111,89378,18,1265,1567975
375,Sacramento,County,311,91408,5,1439,7443,1360793,370,101934,275,89653,10,1275,1567975
376,Sacramento,County,248,91656,7,1446,6432,1367225,321,102255,335,89988,11,1286,1567975
377,Sacramento,County,245,91901,3,1449,5243,1372468,301,102556,264,90252,9,1295,1567975
378,Sacramento,County,204,92105,6,1455,2710,1375178,220,102776,149,90401,7,1302,1567975
379,Sacramento,County,168,92273,6,1461,2119,1377297,151,102927,455,90856,2,1304,1567975
380,Sacramento,County,207,92480,4,1465,6673,1383970,308,103235,235,91091,0,1304,1567975
381,Sacramento,County,327,92807,9,1474,9470,1393440,396,103631,155,91246,1,1305,1567975
382,Sacramento,County,256,93063,3,1477,7694,1401134,332,103963,63,91309,21,1326,1567975
383,Sacramento,County,156,93219,5,1482,6704,1407838,267,104230,167,91476,8,1334,1567975
384,Sacramento,County,163,93382,6,1488,5514,1413352,252,104482,339,91815,17,1351,1567975
385,Sacramento,County,121,93503,4,1492,2658,1416010,146,104628,242,92057,1,1352,1567975
386,Sacramento,County,125,93628,6,1498,3354,1419364,137,104765,231,92288,2,1354,1567975
387,Sacramento,County,211,93839,4,1502,8565,1427929,280,105045,188,92476,5,1359,1567975
388,Sacramento,County,166,94005,2,1504,7266,1435195,240,105285,156,92632,11,1370,1567975
389,Sacramento,County,157,94162,2,1506,6647,1441842,203,105488,110,92742,5,1375,1567975
390,Sacramento,County,153,94315,3,1509,6037,1447879,198,105686,219,92961,11,1386,1567975
391,Sacramento,County,159,94474,3,1512,5532,1453411,214,105900,219,93180,4,1390,1567975
392,Sacramento,County,122,94596,4,1516,2455,1455866,136,106036,101,93281,6,1396,1567975
393,Sacramento,County,82,94678,2,1518,3142,1459008,77,106113,182,93463,2,1398,1567975
394,Sacramento,County,184,94862,2,1520,8239,1467247,216,106329,83,93546,3,1401,1567975
395,Sacramento,County,145,95007,3,1523,8589,1475836,184,106513,144,93690,10,1411,1567975
396,Sacramento,County,167,95174,5,1528,6739,1482575,212,106725,129,93819,8,1419,1567975
397,Sacramento,County,159,95333,1,1529,6180,1488755,208,106933,163,93982,7,1426,1567975
398,Sacramento,County,133,95466,4,1533,4920,1493675,192,107125,200,94182,4,1430,1567975
399,Sacramento,County,98,95564,8,1541,2280,1495955,128,107253,150,94332,6,1436,1567975
400,Sacramento,County,88,95652,1,1542,3229,1499184,79,107332,181,94513,1,1437,1567975
401,Sacramento,County,176,95828,3,1545,8445,1507629,189,107521,141,94654,1,1438,1567975
402,Sacramento,County,172,96000,2,1547,7384,1515013,182,107703,66,94720,4,1442,1567975
403,Sacramento,County,168,96168,2,1549,6636,1521649,205,107908,76,94796,10,1452,1567975
404,Sacramento,County,130,96298,0,1549,5568,1527217,195,108103,116,94912,3,1455,1567975
405,Sacramento,County,140,96438,2,1551,5434,1532651,200,108303,149,95061,5,1460,1567975
406,Sacramento,County,123,96561,4,1555,2429,1535080,121,108424,131,95192,1,1461,1567975
407,Sacramento,County,86,96647,3,1558,2152,1537232,79,108503,151,95343,1,1462,1567975
408,Sacramento,County,178,96825,2,1560,9024,1546256,210,108713,71,95414,1,1463,1567975
409,Sacramento,County,153,96978,2,1562,8654,1554910,195,108908,108,95522,3,1466,1567975
410,Sacramento,County,142,97120,4,1566,6343,1561253,156,109064,128,95650,11,1477,1567975
411,Sacramento,County,125,97245,2,1568,5622,1566875,180,109244,169,95819,4,1481,1567975
412,Sacramento,County,150,97395,1,1569,5510,1572385,196,109440,115,95934,5,1486,1567975
413,Sacramento,County,102,97497,1,1570,2232,1574617,147,109587,192,96126,2,1488,1567975
414,Sacramento,County,110,97607,1,1571,2174,1576791,105,109692,143,96269,1,1489,1567975
415,Sacramento,County,195,97802,1,1572,10008,1586799,220,109912,116,96385,4,1493,1567975
416,Sacramento,County,177,97979,0,1572,8450,1595249,189,110101,136,96521,3,1496,1567975
417,Sacramento,County,191,98170,1,1573,6918,1602167,223,110324,107,96628,4,1500,1567975
418,Sacramento,County,174,98344,2,1575,6458,1608625,220,110544,195,96823,5,1505,1567975
419,Sacramento,County,144,98488,0,1575,5420,1614045,171,110715,217,97040,4,1509,1567975
420,Sacramento,County,100,98588,1,1576,2530,1616575,113,110828,207,97247,4,1513,1567975
421,Sacramento,County,89,98677,3,1579,2103,1618678,91,110919,178,97425,1,1514,1567975
422,Sacramento,County,174,98851,1,1580,9582,1628260,257,111176,152,97577,0,1514,1567975
423,Sacramento,County,193,99044,2,1582,8395,1636655,191,111367,141,97718,2,1516,1567975
424,Sacramento,County,136,99180,0,1582,5092,1641747,174,111541,42,97760,3,1519,1567975
425,Sacramento,County,177,99357,2,1584,6315,1648062,210,111751,192,97952,2,1521,1567975
243,San Benito,County,3,1357,0,11,133,21801,7,1599,4,1346,0,12,64022
244,San Benito,County,2,1359,0,11,110,21911,5,1604,1,1347,0,12,64022
245,San Benito,County,4,1363,0,11,48,21959,3,1607,4,1351,0,12,64022
246,San Benito,County,0,1363,0,11,94,22053,2,1609,4,1355,0,12,64022
247,San Benito,County,0,1363,0,11,244,22297,0,1609,1,1356,0,12,64022
248,San Benito,County,3,1366,0,11,243,22540,3,1612,2,1358,0,12,64022
249,San Benito,County,1,1367,0,11,181,22721,4,1616,5,1363,1,13,64022
250,San Benito,County,3,1370,0,11,157,22878,3,1619,4,1367,0,13,64022
251,San Benito,County,5,1375,0,11,131,23009,4,1623,0,1367,0,13,64022
252,San Benito,County,5,1380,1,12,35,23044,3,1626,3,1370,0,13,64022
253,San Benito,County,2,1382,0,12,63,23107,0,1626,4,1374,0,13,64022
254,San Benito,County,1,1383,0,12,248,23355,2,1628,2,1376,0,13,64022
255,San Benito,County,3,1386,0,12,235,23590,3,1631,4,1380,1,14,64022
256,San Benito,County,8,1394,0,12,166,23756,6,1637,1,1381,0,14,64022
257,San Benito,County,2,1396,0,12,162,23918,2,1639,3,1384,0,14,64022
258,San Benito,County,3,1399,1,13,110,24028,1,1640,4,1388,0,14,64022
259,San Benito,County,3,1402,0,13,56,24084,5,1645,1,1389,0,14,64022
260,San Benito,County,4,1406,0,13,103,24187,2,1647,6,1395,0,14,64022
261,San Benito,County,7,1413,0,13,277,24464,12,1659,0,1395,0,14,64022
262,San Benito,County,7,1420,0,13,270,24734,7,1666,3,1398,0,14,64022
263,San Benito,County,3,1423,0,13,173,24907,4,1670,3,1401,0,14,64022
264,San Benito,County,1,1424,0,13,160,25067,1,1671,2,1403,1,15,64022
265,San Benito,County,4,1428,0,13,152,25219,7,1678,9,1412,0,15,64022
266,San Benito,County,2,1430,0,13,55,25274,0,1678,5,1417,0,15,64022
267,San Benito,County,5,1435,0,13,105,25379,7,1685,6,1423,0,15,64022
268,San Benito,County,7,1442,0,13,290,25669,7,1692,1,1424,0,15,64022
269,San Benito,County,8,1450,0,13,271,25940,3,1695,4,1428,0,15,64022
270,San Benito,County,5,1455,0,13,173,26113,3,1698,1,1429,0,15,64022
271,San Benito,County,8,1463,0,13,223,26336,13,1711,2,1431,0,15,64022
272,San Benito,County,5,1468,0,13,134,26470,4,1715,9,1440,0,15,64022
273,San Benito,County,6,1474,0,13,37,26507,1,1716,8,1448,0,15,64022
274,San Benito,County,7,1481,0,13,129,26636,7,1723,3,1451,0,15,64022
275,San Benito,County,15,1496,0,13,263,26899,15,1738,8,1459,0,15,64022
276,San Benito,County,12,1508,0,13,262,27161,14,1752,4,1463,0,15,64022
277,San Benito,County,10,1518,0,13,218,27379,14,1766,1,1464,0,15,64022
278,San Benito,County,15,1533,0,13,240,27619,19,1785,13,1477,0,15,64022
279,San Benito,County,15,1548,0,13,132,27751,11,1796,2,1479,0,15,64022
280,San Benito,County,9,1557,0,13,64,27815,6,1802,10,1489,0,15,64022
281,San Benito,County,12,1569,0,13,123,27938,10,1812,7,1496,0,15,64022
282,San Benito,County,15,1584,0,13,298,28236,17,1829,10,1506,0,15,64022
283,San Benito,County,9,1593,0,13,299,28535,10,1839,2,1508,0,15,64022
284,San Benito,County,15,1608,0,13,265,28800,17,1856,4,1512,0,15,64022
285,San Benito,County,14,1622,0,13,301,29101,16,1872,13,1525,0,15,64022
286,San Benito,County,20,1642,0,13,152,29253,16,1888,28,1553,0,15,64022
287,San Benito,County,12,1654,0,13,85,29338,12,1900,20,1573,0,15,64022
288,San Benito,County,15,1669,0,13,226,29564,15,1915,16,1589,0,15,64022
289,San Benito,County,25,1694,0,13,365,29929,24,1939,14,1603,0,15,64022
290,San Benito,County,18,1712,0,13,400,30329,21,1960,8,1611,0,15,64022
291,San Benito,County,15,1727,0,13,365,30694,22,1982,21,1632,0,15,64022
292,San Benito,County,25,1752,0,13,432,31126,30,2012,11,1643,0,15,64022
293,San Benito,County,23,1775,0,13,246,31372,15,2027,25,1668,0,15,64022
294,San Benito,County,12,1787,0,13,69,31441,9,2036,23,1691,0,15,64022
295,San Benito,County,19,1806,0,13,256,31697,16,2052,13,1704,0,15,64022
296,San Benito,County,29,1835,0,13,486,32183,38,2090,25,1729,0,15,64022
297,San Benito,County,28,1863,0,13,405,32588,26,2116,11,1740,0,15,64022
298,San Benito,County,31,1894,0,13,286,32874,24,2140,24,1764,0,15,64022
299,San Benito,County,22,1916,0,13,31,32905,3,2143,5,1769,0,15,64022
300,San Benito,County,27,1943,0,13,185,33090,26,2169,36,1805,0,15,64022
301,San Benito,County,34,1977,1,14,109,33199,19,2188,30,1835,0,15,64022
302,San Benito,County,46,2023,1,15,237,33436,46,2234,25,1860,0,15,64022
303,San Benito,County,44,2067,0,15,452,33888,46,2280,15,1875,0,15,64022
304,San Benito,County,49,2116,0,15,432,34320,61,2341,13,1888,0,15,64022
305,San Benito,County,55,2171,1,16,381,34701,54,2395,33,1921,1,16,64022
306,San Benito,County,64,2235,0,16,419,35120,52,2447,46,1967,0,16,64022
307,San Benito,County,44,2279,0,16,290,35410,44,2491,39,2006,1,17,64022
308,San Benito,County,28,2307,1,17,123,35533,22,2513,67,2073,1,18,64022
309,San Benito,County,41,2348,0,17,217,35750,38,2551,62,2135,0,18,64022
310,San Benito,County,37,2385,0,17,359,36109,39,2590,30,2165,0,18,64022
311,San Benito,County,51,2436,0,17,414,36523,69,2659,15,2180,0,18,64022
312,San Benito,County,56,2492,0,17,415,36938,60,2719,37,2217,1,19,64022
313,San Benito,County,79,2571,1,18,434,37372,73,2792,51,2268,0,19,64022
314,San Benito,County,59,2630,0,18,333,37705,65,2857,51,2319,0,19,64022
315,San Benito,County,51,2681,0,18,185,37890,39,2896,36,2355,0,19,64022
316,San Benito,County,56,2737,1,19,251,38141,48,2944,53,2408,0,19,64022
317,San Benito,County,72,2809,0,19,396,38537,55,2999,59,2467,0,19,64022
318,San Benito,County,67,2876,0,19,618,39155,90,3089,53,2520,0,19,64022
319,San Benito,County,80,2956,1,20,586,39741,115,3204,62,2582,1,20,64022
320,San Benito,County,90,3046,0,20,537,40278,84,3288,63,2645,0,20,64022
321,San Benito,County,69,3115,0,20,375,40653,73,3361,99,2744,1,21,64022
322,San Benito,County,48,3163,0,20,223,40876,50,3411,76,2820,0,21,64022
323,San Benito,County,46,3209,1,21,319,41195,59,3470,65,2885,0,21,64022
324,San Benito,County,72,3281,0,21,746,41941,95,3565,36,2921,1,22,64022
325,San Benito,County,69,3350,3,24,586,42527,92,3657,77,2998,2,24,64022
326,San Benito,County,77,3427,0,24,714,43241,98,3755,75,3073,0,24,64022
327,San Benito,County,55,3482,0,24,319,43560,63,3818,110,3183,0,24,64022
328,San Benito,County,30,3512,0,24,35,43595,9,3827,98,3281,0,24,64022
329,San Benito,County,38,3550,2,26,158,43753,32,3859,49,3330,0,24,64022
330,San Benito,County,73,3623,0,26,299,44052,72,3931,64,3394,0,24,64022
331,San Benito,County,86,3709,1,27,661,44713,81,4012,35,3429,0,24,64022
332,San Benito,County,71,3780,1,28,580,45293,91,4103,45,3474,1,25,64022
333,San Benito,County,119,3899,1,29,752,46045,128,4231,-10,3464,4,29,64022
334,San Benito,County,81,3980,0,29,467,46512,88,4319,209,3673,-1,28,64022
335,San Benito,County,22,4002,1,30,54,46566,9,4328,100,3773,0,28,64022
336,San Benito,County,36,4038,1,31,175,46741,25,4353,56,3829,0,28,64022
337,San Benito,County,80,4118,2,33,284,47025,73,4426,53,3882,0,28,64022
338,San Benito,County,100,4218,1,34,733,47758,106,4532,32,3914,0,28,64022
339,San Benito,County,113,4331,1,35,733,48491,129,4661,47,3961,0,28,64022
340,San Benito,County,103,4434,1,36,805,49296,134,4795,70,4031,4,32,64022
341,San Benito,County,77,4511,2,38,622,49918,102,4897,81,4112,1,33,64022
342,San Benito,County,62,4573,0,38,408,50326,66,4963,113,4225,0,33,64022
343,San Benito,County,38,4611,0,38,197,50523,45,5008,110,4335,1,34,64022
344,San Benito,County,49,4660,0,38,269,50792,50,5058,99,4434,0,34,64022
345,San Benito,County,94,4754,0,38,665,51457,99,5157,48,4482,0,34,64022
346,San Benito,County,77,4831,1,39,728,52185,110,5267,33,4515,1,35,64022
347,San Benito,County,67,4898,1,40,695,52880,116,5383,68,4583,0,35,64022
348,San Benito,County,55,4953,1,41,618,53498,92,5475,95,4678,0,35,64022
349,San Benito,County,34,4987,1,42,326,53824,50,5525,88,4766,0,35,64022
350,San Benito,County,44,5031,0,42,159,53983,32,5557,109,4875,0,35,64022
351,San Benito,County,36,5067,0,42,207,54190,41,5598,66,4941,0,35,64022
352,San Benito,County,38,5105,0,42,556,54746,58,5656,22,4963,0,35,64022
353,San Benito,County,51,5156,1,43,638,55384,59,5715,25,4988,0,35,64022
354,San Benito,County,46,5202,2,45,679,56063,65,5780,48,5036,0,35,64022
355,San Benito,County,30,5232,0,45,552,56615,52,5832,64,5100,8,43,64022
356,San Benito,County,33,5265,1,46,303,56918,31,5863,43,5143,0,43,64022
357,San Benito,County,25,5290,1,47,96,57014,11,5874,23,5166,0,43,64022
358,San Benito,County,24,5314,0,47,218,57232,28,5902,57,5223,0,43,64022
359,San Benito,County,42,5356,1,48,585,57817,55,5957,15,5238,0,43,64022
360,San Benito,County,37,5393,0,48,494,58311,48,6005,13,5251,2,45,64022
361,San Benito,County,14,5407,1,49,362,58673,29,6034,33,5284,2,47,64022
362,San Benito,County,15,5422,0,49,343,59016,18,6052,60,5344,0,47,64022
363,San Benito,County,18,5440,0,49,257,59273,22,6074,42,5386,1,48,64022
364,San Benito,County,8,5448,1,50,83,59356,8,6082,15,5401,0,48,64022
365,San Benito,County,18,5466,1,51,213,59569,33,6115,24,5425,0,48,64022
366,San Benito,County,22,5488,0,51,476,60045,31,6146,7,5432,0,48,64022
367,San Benito,County,18,5506,1,52,410,60455,22,6168,12,5444,2,50,64022
368,San Benito,County,14,5520,1,53,434,60889,19,6187,19,5463,1,51,64022
369,San Benito,County,18,5538,0,53,406,61295,29,6216,25,5488,0,51,64022
370,San Benito,County,14,5552,0,53,235,61530,23,6239,14,5502,0,51,64022
371,San Benito,County,11,5563,0,53,55,61585,3,6242,14,5516,1,52,64022
372,San Benito,County,18,5581,0,53,224,61809,29,6271,32,5548,0,52,64022
373,San Benito,County,19,5600,0,53,459,62268,26,6297,5,5553,0,52,64022
374,San Benito,County,5,5605,0,53,469,62737,13,6310,13,5566,2,54,64022
375,San Benito,County,12,5617,0,53,419,63156,15,6325,25,5591,1,55,64022
376,San Benito,County,14,5631,0,53,383,63539,16,6341,18,5609,1,56,64022
377,San Benito,County,9,5640,0,53,190,63729,10,6351,13,5622,0,56,64022
378,San Benito,County,16,5656,0,53,76,63805,11,6362,11,5633,0,56,64022
379,San Benito,County,14,5670,0,53,135,63940,24,6386,8,5641,0,56,64022
380,San Benito,County,8,5678,1,54,197,64137,13,6399,8,5649,0,56,64022
381,San Benito,County,9,5687,0,54,436,64573,14,6413,10,5659,0,56,64022
382,San Benito,County,8,5695,0,54,278,64851,15,6428,2,5661,1,57,64022
383,San Benito,County,6,5701,0,54,302,65153,11,6439,36,5697,1,58,64022
384,San Benito,County,3,5704,1,55,154,65307,7,6446,2,5699,-1,57,64022
385,San Benito,County,5,5709,0,55,66,65373,4,6450,10,5709,0,57,64022
386,San Benito,County,12,5721,1,56,133,65506,13,6463,7,5716,0,57,64022
387,San Benito,County,10,5731,0,56,380,65886,20,6483,7,5723,0,57,64022
388,San Benito,County,2,5733,0,56,304,66190,6,6489,8,5731,0,57,64022
389,San Benito,County,6,5739,0,56,380,66570,13,6502,12,5743,0,57,64022
390,San Benito,County,1,5740,1,57,216,66786,8,6510,9,5752,1,58,64022
391,San Benito,County,5,5745,0,57,174,66960,6,6516,7,5759,-1,57,64022
392,San Benito,County,1,5746,1,58,63,67023,1,6517,8,5767,0,57,64022
393,San Benito,County,1,5747,0,58,120,67143,4,6521,5,5772,0,57,64022
394,San Benito,County,11,5758,0,58,326,67469,15,6536,0,5772,0,57,64022
395,San Benito,County,5,5763,0,58,316,67785,9,6545,-2,5770,3,60,64022
396,San Benito,County,7,5770,0,58,311,68096,9,6554,4,5774,1,61,64022
397,San Benito,County,1,5771,0,58,210,68306,2,6556,7,5781,0,61,64022
398,San Benito,County,0,5771,0,58,140,68446,1,6557,9,5790,0,61,64022
399,San Benito,County,3,5774,0,58,53,68499,2,6559,3,5793,0,61,64022
400,San Benito,County,5,5779,0,58,113,68612,8,6567,2,5795,0,61,64022
401,San Benito,County,7,5786,0,58,279,68891,5,6572,2,5797,0,61,64022
402,San Benito,County,3,5789,0,58,286,69177,7,6579,3,5800,0,61,64022
403,San Benito,County,4,5793,0,58,298,69475,5,6584,11,5811,0,61,64022
404,San Benito,County,9,5802,0,58,192,69667,9,6593,5,5816,0,61,64022
405,San Benito,County,3,5805,0,58,176,69843,7,6600,1,5817,0,61,64022
406,San Benito,County,3,5808,0,58,56,69899,2,6602,6,5823,0,61,64022
407,San Benito,County,3,5811,0,58,76,69975,2,6604,6,5829,0,61,64022
408,San Benito,County,9,5820,0,58,349,70324,10,6614,2,5831,0,61,64022
409,San Benito,County,3,5823,0,58,294,70618,4,6618,0,5831,0,61,64022
410,San Benito,County,5,5828,0,58,256,70874,6,6624,10,5841,0,61,64022
411,San Benito,County,3,5831,0,58,177,71051,2,6626,1,5842,0,61,64022
412,San Benito,County,2,5833,0,58,178,71229,4,6630,3,5845,0,61,64022
413,San Benito,County,0,5833,0,58,60,71289,2,6632,-5,5840,0,61,64022
414,San Benito,County,4,5837,0,58,66,71355,1,6633,2,5842,0,61,64022
415,San Benito,County,6,5843,0,58,275,71630,7,6640,2,5844,0,61,64022
416,San Benito,County,3,5846,0,58,305,71935,3,6643,1,5845,0,61,64022
417,San Benito,County,5,5851,0,58,287,72222,11,6654,2,5847,0,61,64022
418,San Benito,County,1,5852,0,58,212,72434,1,6655,3,5850,0,61,64022
419,San Benito,County,3,5855,0,58,154,72588,7,6662,5,5855,0,61,64022
420,San Benito,County,3,5858,0,58,56,72644,2,6664,7,5862,0,61,64022
421,San Benito,County,2,5860,0,58,71,72715,3,6667,0,5862,0,61,64022
422,San Benito,County,5,5865,1,59,304,73019,6,6673,3,5865,0,61,64022
423,San Benito,County,7,5872,0,59,275,73294,5,6678,5,5870,0,61,64022
424,San Benito,County,6,5878,0,59,270,73564,6,6684,5,5875,0,61,64022
425,San Benito,County,10,5888,0,59,201,73765,12,6696,3,5878,0,61,64022
243,San Bernardino,County,278,56310,3,1136,5277,651711,332,67896,362,54350,3,1021,2217398
244,San Bernardino,County,294,56604,5,1141,6186,657897,380,68276,263,54613,7,1028,2217398
245,San Bernardino,County,187,56791,4,1145,2710,660607,170,68446,391,55004,3,1031,2217398
246,San Bernardino,County,172,56963,5,1150,1501,662108,78,68524,96,55100,0,1031,2217398
247,San Bernardino,County,444,57407,3,1153,8358,670466,569,69093,0,55100,0,1031,2217398
248,San Bernardino,County,307,57714,6,1159,7429,677895,386,69479,316,55416,9,1040,2217398
249,San Bernardino,County,315,58029,9,1168,7351,685246,364,69843,322,55738,3,1043,2217398
250,San Bernardino,County,348,58377,3,1171,6947,692193,449,70292,414,56152,5,1048,2217398
251,San Bernardino,County,363,58740,2,1173,7121,699314,462,70754,282,56434,9,1057,2217398
252,San Bernardino,County,240,58980,5,1178,2592,701906,214,70968,249,56683,4,1061,2217398
253,San Bernardino,County,162,59142,3,1181,1945,703851,99,71067,314,56997,0,1061,2217398
254,San Bernardino,County,453,59595,6,1187,7801,711652,574,71641,238,57235,0,1061,2217398
255,San Bernardino,County,369,59964,5,1192,7969,719621,489,72130,176,57411,0,1061,2217398
256,San Bernardino,County,339,60303,3,1195,7477,727098,422,72552,363,57774,2,1063,2217398
257,San Bernardino,County,326,60629,2,1197,6840,733938,403,72955,294,58068,4,1067,2217398
258,San Bernardino,County,337,60966,4,1201,6975,740913,389,73344,165,58233,2,1069,2217398
259,San Bernardino,County,269,61235,3,1204,2908,743821,245,73589,182,58415,28,1097,2217398
260,San Bernardino,County,270,61505,3,1207,2248,746069,151,73740,478,58893,1,1098,2217398
261,San Bernardino,County,499,62004,1,1208,9586,755655,687,74427,372,59265,2,1100,2217398
262,San Bernardino,County,449,62453,2,1210,8143,763798,506,74933,306,59571,9,1109,2217398
263,San Bernardino,County,378,62831,3,1213,7792,771590,471,75404,377,59948,32,1141,2217398
264,San Bernardino,County,407,63238,4,1217,6685,778275,501,75905,454,60402,8,1149,2217398
265,San Bernardino,County,400,63638,6,1223,8065,786340,564,76469,452,60854,1,1150,2217398
266,San Bernardino,County,284,63922,4,1227,3327,789667,289,76758,497,61351,3,1153,2217398
267,San Bernardino,County,240,64162,6,1233,2156,791823,132,76890,200,61551,0,1153,2217398
268,San Bernardino,County,539,64701,3,1236,9171,800994,651,77541,320,61871,0,1153,2217398
269,San Bernardino,County,471,65172,6,1242,8131,809125,544,78085,486,62357,1,1154,2217398
270,San Bernardino,County,461,65633,3,1245,7981,817106,520,78605,421,62778,0,1154,2217398
271,San Bernardino,County,459,66092,9,1254,7708,824814,548,79153,190,62968,-4,1150,2217398
272,San Bernardino,County,568,66660,2,1256,8046,832860,662,79815,544,63512,6,1156,2217398
273,San Bernardino,County,416,67076,5,1261,3504,836364,349,80164,504,64016,1,1157,2217398
274,San Bernardino,County,425,67501,6,1267,2203,838567,168,80332,323,64339,0,1157,2217398
275,San Bernardino,County,841,68342,6,1273,10066,848633,1015,81347,290,64629,0,1157,2217398
276,San Bernardino,County,855,69197,2,1275,10411,859044,898,82245,691,65320,2,1159,2217398
277,San Bernardino,County,808,70005,7,1282,10392,869436,898,83143,571,65891,10,1169,2217398
278,San Bernardino,County,795,70800,9,1291,9785,879221,903,84046,516,66407,5,1174,2217398
279,San Bernardino,County,825,71625,8,1299,9653,888874,907,84953,333,66740,5,1179,2217398
280,San Bernardino,County,595,72220,5,1304,4445,893319,509,85462,1195,67935,3,1182,2217398
281,San Bernardino,County,515,72735,9,1313,2434,895753,205,85667,477,68412,0,1182,2217398
282,San Bernardino,County,1241,73976,3,1316,12017,907770,1435,87102,603,69015,0,1182,2217398
283,San Bernardino,County,1051,75027,7,1323,10934,918704,1140,88242,651,69666,0,1182,2217398
284,San Bernardino,County,1169,76196,5,1328,10241,928945,1166,89408,708,70374,0,1182,2217398
285,San Bernardino,County,1284,77480,9,1337,11776,940721,1483,90891,384,70758,1,1183,2217398
286,San Bernardino,County,1365,78845,10,1347,11774,952495,1475,92366,1137,71895,1,1184,2217398
287,San Bernardino,County,1046,79891,7,1354,6093,958588,910,93276,973,72868,0,1184,2217398
288,San Bernardino,County,932,80823,6,1360,3815,962403,465,93741,901,73769,1,1185,2217398
289,San Bernardino,County,2142,82965,10,1370,15799,978202,2460,96201,632,74401,1,1186,2217398
290,San Bernardino,County,1824,84789,11,1381,15249,993451,2091,98292,1733,76134,2,1188,2217398
291,San Bernardino,County,1811,86600,10,1391,16528,1009979,2140,100432,1266,77400,18,1206,2217398
292,San Bernardino,County,1755,88355,12,1403,16222,1026201,2166,102598,1844,79244,9,1215,2217398
293,San Bernardino,County,1890,90245,11,1414,16402,1042603,2120,104718,1959,81203,5,1220,2217398
294,San Bernardino,County,1364,91609,11,1425,8450,1051053,1281,105999,2003,83206,2,1222,2217398
295,San Bernardino,County,871,92480,8,1433,3777,1054830,514,106513,299,83505,2,1224,2217398
296,San Bernardino,County,2340,94820,11,1444,19048,1073878,2723,109236,882,84387,0,1224,2217398
297,San Bernardino,County,2105,96925,9,1453,17762,1091640,2650,111886,2258,86645,2,1226,2217398
298,San Bernardino,County,2329,99254,14,1467,16587,1108227,2849,114735,1824,88469,-1,1225,2217398
299,San Bernardino,County,838,100092,9,1476,1784,1110011,280,115015,1258,89727,-2,1223,2217398
300,San Bernardino,County,1642,101734,16,1492,7507,1117518,1457,116472,527,90254,1,1224,2217398
301,San Bernardino,County,1506,103240,12,1504,5782,1123300,1340,117812,929,91183,0,1224,2217398
302,San Bernardino,County,1393,104633,16,1520,3848,1127148,811,118623,869,92052,-1,1223,2217398
303,San Bernardino,County,3338,107971,17,1537,21649,1148797,4085,122708,652,92704,-3,1220,2217398
304,San Bernardino,County,3725,111696,16,1553,20938,1169735,3890,126598,3150,95854,0,1220,2217398
305,San Bernardino,County,3467,115163,16,1569,21103,1190838,4119,130717,2713,98567,20,1240,2217398
306,San Bernardino,County,3553,118716,19,1588,21213,1212051,4273,134990,2220,100787,43,1283,2217398
307,San Bernardino,County,3318,122034,24,1612,19800,1231851,3892,138882,1631,102418,7,1290,2217398
308,San Bernardino,County,2266,124300,32,1644,9479,1241330,2187,141069,2964,105382,-7,1283,2217398
309,San Bernardino,County,1516,125816,31,1675,5511,1246841,1104,142173,1545,106927,3,1286,2217398
310,San Bernardino,County,4127,129943,27,1702,23307,1270148,4788,146961,1234,108161,9,1295,2217398
311,San Bernardino,County,3936,133879,30,1732,21442,1291590,4563,151524,2515,110676,6,1301,2217398
312,San Bernardino,County,4341,138220,26,1758,22426,1314016,4865,156389,3840,114516,4,1305,2217398
313,San Bernardino,County,4262,142482,38,1796,22714,1336730,4964,161353,5670,120186,1,1306,2217398
314,San Bernardino,County,4207,146689,31,1827,21476,1358206,4792,166145,2906,123092,7,1313,2217398
315,San Bernardino,County,2679,149368,31,1858,9697,1367903,2530,168675,2649,125741,8,1321,2217398
316,San Bernardino,County,1618,150986,31,1889,4926,1372829,1200,169875,977,126718,12,1333,2217398
317,San Bernardino,County,4880,155866,33,1922,24346,1397175,5599,175474,2433,129151,14,1347,2217398
318,San Bernardino,County,4421,160287,43,1965,24490,1421665,5279,180753,8397,137548,4,1351,2217398
319,San Bernardino,County,4441,164728,44,2009,24902,1446567,5463,186216,6017,143565,52,1403,2217398
320,San Bernardino,County,4602,169330,43,2052,25064,1471631,5752,191968,6273,149838,22,1425,2217398
321,San Bernardino,County,3917,173247,55,2107,22569,1494200,4912,196880,4434,154272,5,1430,2217398
322,San Bernardino,County,2294,175541,46,2153,10375,1504575,2487,199367,5611,159883,3,1433,2217398
323,San Bernardino,County,1548,177089,41,2194,5994,1510569,1251,200618,2927,162810,25,1458,2217398
324,San Bernardino,County,4958,182047,49,2243,29978,1540547,6181,206799,2276,165086,18,1476,2217398
325,San Bernardino,County,4769,186816,58,2301,27982,1568529,5805,212604,4180,169266,24,1500,2217398
326,San Bernardino,County,4563,191379,49,2350,26547,1595076,5495,218099,3622,172888,9,1509,2217398
327,San Bernardino,County,2030,193409,59,2409,7499,1602575,1812,219911,3978,176866,24,1533,2217398
328,San Bernardino,County,1008,194417,67,2476,2052,1604627,425,220336,4946,181812,13,1546,2217398
329,San Bernardino,County,2637,197054,56,2532,10082,1614709,2824,223160,3299,185111,5,1551,2217398
330,San Bernardino,County,1639,198693,55,2587,4988,1619697,1181,224341,1665,186776,0,1551,2217398
331,San Bernardino,County,5056,203749,66,2653,27942,1647639,5924,230265,2143,188919,1,1552,2217398
332,San Bernardino,County,5088,208837,61,2714,27791,1675430,6557,236822,1557,190476,5,1557,2217398
333,San Bernardino,County,4819,213656,61,2775,26540,1701970,6215,243037,2172,192648,34,1591,2217398
334,San Bernardino,County,2575,216231,58,2833,9869,1711839,2351,245388,6467,199115,-5,1586,2217398
335,San Bernardino,County,1558,217789,57,2890,2645,1714484,654,246042,4536,203651,4,1590,2217398
336,San Bernardino,County,2818,220607,56,2946,11283,1725767,3051,249093,3288,206939,7,1597,2217398
337,San Bernardino,County,1613,222220,53,2999,6014,1731781,1242,250335,1355,208294,-5,1592,2217398
338,San Bernardino,County,5284,227504,68,3067,30004,1761785,6426,256761,2574,210868,23,1615,2217398
339,San Bernardino,County,4208,231712,63,3130,27145,1788930,5441,262202,1654,212522,0,1615,2217398
340,San Bernardino,County,3926,235638,58,3188,26956,1815886,5137,267339,2764,215286,19,1634,2217398
341,San Bernardino,County,3704,239342,71,3259,25179,1841065,4797,272136,4405,219691,32,1666,2217398
342,San Bernardino,County,3532,242874,63,3322,23322,1864387,4450,276586,4576,224267,37,1703,2217398
343,San Bernardino,County,1885,244759,62,3384,9142,1873529,1960,278546,4590,228857,11,1714,2217398
344,San Bernardino,County,1179,245938,48,3432,5031,1878560,855,279401,3314,232171,22,1736,2217398
345,San Bernardino,County,3601,249539,55,3487,25687,1904247,4284,283685,3372,235543,3,1739,2217398
346,San Bernardino,County,2824,252363,65,3552,25057,1929304,4048,287733,1465,237008,0,1739,2217398
347,San Bernardino,County,2569,254932,51,3603,23679,1952983,3678,291411,3183,240191,20,1759,2217398
348,San Bernardino,County,2372,257304,55,3658,21764,1974747,3443,294854,3188,243379,-9,1750,2217398
349,San Bernardino,County,1959,259263,57,3715,20522,1995269,2888,297742,2803,246182,-24,1726,2217398
350,San Bernardino,County,1151,260414,63,3778,7951,2003220,1309,299051,3219,249401,29,1755,2217398
351,San Bernardino,County,763,261177,52,3830,5074,2008294,663,299714,2086,251487,20,1775,2217398
352,San Bernardino,County,2132,263309,36,3866,20936,2029230,2985,302699,1321,252808,0,1775,2217398
353,San Bernardino,County,1795,265104,52,3918,19642,2048872,2348,305047,843,253651,2,1777,2217398
354,San Bernardino,County,1757,266861,49,3967,18129,2067001,2252,307299,2270,255921,24,1801,2217398
355,San Bernardino,County,1359,268220,32,3999,17639,2084640,2023,309322,1833,257754,31,1832,2217398
356,San Bernardino,County,1349,269569,46,4045,16751,2101391,1874,311196,1367,259121,17,1849,2217398
357,San Bernardino,County,822,270391,30,4075,6219,2107610,874,312070,1260,260381,73,1922,2217398
358,San Bernardino,County,542,270933,36,4111,3332,2110942,449,312519,1989,262370,13,1935,2217398
359,San Bernardino,County,1319,272252,40,4151,18062,2129004,1964,314483,804,263174,12,1947,2217398
360,San Bernardino,County,949,273201,36,4187,15366,2144370,1533,316016,562,263736,23,1970,2217398
361,San Bernardino,County,988,274189,41,4228,14793,2159163,1458,317474,1417,265153,49,2019,2217398
362,San Bernardino,County,850,275039,37,4265,13915,2173078,1332,318806,1303,266456,38,2057,2217398
363,San Bernardino,County,694,275733,43,4308,12238,2185316,1080,319886,1034,267490,38,2095,2217398
364,San Bernardino,County,514,276247,24,4332,5332,2190648,680,320566,1170,268660,27,2122,2217398
365,San Bernardino,County,413,276660,26,4358,3692,2194340,335,320901,873,269533,34,2156,2217398
366,San Bernardino,County,1038,277698,40,4398,16687,2211027,1377,322278,479,270012,16,2172,2217398
367,San Bernardino,County,689,278387,33,4431,13433,2224460,968,323246,474,270486,72,2244,2217398
368,San Bernardino,County,672,279059,14,4445,13544,2238004,1080,324326,991,271477,64,2308,2217398
369,San Bernardino,County,481,279540,26,4471,12917,2250921,849,325175,746,272223,101,2409,2217398
370,San Bernardino,County,549,280089,32,4503,11529,2262450,891,326066,715,272938,86,2495,2217398
371,San Bernardino,County,338,280427,24,4527,4684,2267134,439,326505,780,273718,69,2564,2217398
372,San Bernardino,County,304,280731,26,4553,2799,2269933,245,326750,598,274316,23,2587,2217398
373,San Bernardino,County,585,281316,24,4577,14664,2284597,940,327690,345,274661,0,2587,2217398
374,San Bernardino,County,399,281715,26,4603,12776,2297373,579,328269,337,274998,26,2613,2217398
375,San Bernardino,County,374,282089,23,4626,11548,2308921,630,328899,618,275616,83,2696,2217398
376,San Bernardino,County,358,282447,26,4652,11082,2320003,571,329470,733,276349,78,2774,2217398
377,San Bernardino,County,317,282764,26,4678,9570,2329573,521,329991,541,276890,53,2827,2217398
378,San Bernardino,County,193,282957,19,4697,3618,2333191,271,330262,515,277405,72,2899,2217398
379,San Bernardino,County,152,283109,25,4722,2186,2335377,156,330418,259,277664,30,2929,2217398
380,San Bernardino,County,317,283426,16,4738,10966,2346343,571,330989,205,277869,16,2945,2217398
381,San Bernardino,County,254,283680,18,4756,12201,2358544,439,331428,78,277947,33,2978,2217398
382,San Bernardino,County,223,283903,19,4775,10681,2369225,350,331778,514,278461,42,3020,2217398
383,San Bernardino,County,204,284107,12,4787,9864,2379089,358,332136,426,278887,46,3066,2217398
384,San Bernardino,County,210,284317,17,4804,9637,2388726,342,332478,322,279209,51,3117,2217398
385,San Bernardino,County,126,284443,7,4811,3259,2391985,193,332671,399,279608,86,3203,2217398
386,San Bernardino,County,101,284544,13,4824,2336,2394321,116,332787,262,279870,44,3247,2217398
387,San Bernardino,County,246,284790,8,4832,12083,2406404,392,333179,114,279984,12,3259,2217398
388,San Bernardino,County,180,284970,12,4844,10935,2417339,253,333432,295,280279,24,3283,2217398
389,San Bernardino,County,188,285158,12,4856,10127,2427466,320,333752,304,280583,77,3360,2217398
390,San Bernardino,County,150,285308,9,4865,8939,2436405,234,333986,363,280946,49,3409,2217398
391,San Bernardino,County,131,285439,8,4873,7682,2444087,229,334215,186,281132,52,3461,2217398
392,San Bernardino,County,99,285538,10,4883,3359,2447446,142,334357,339,281471,66,3527,2217398
393,San Bernardino,County,78,285616,10,4893,2527,2449973,62,334419,149,281620,68,3595,2217398
394,San Bernardino,County,136,285752,9,4902,10852,2460825,247,334666,65,281685,8,3603,2217398
395,San Bernardino,County,144,285896,3,4905,10108,2470933,213,334879,234,281919,1,3604,2217398
396,San Bernardino,County,132,286028,7,4912,9188,2480121,244,335123,219,282138,60,3664,2217398
397,San Bernardino,County,141,286169,9,4921,8258,2488379,227,335350,269,282407,93,3757,2217398
398,San Bernardino,County,130,286299,8,4929,7382,2495761,192,335542,233,282640,17,3774,2217398
399,San Bernardino,County,93,286392,8,4937,2710,2498471,112,335654,97,282737,17,3791,2217398
400,San Bernardino,County,84,286476,6,4943,2085,2500556,80,335734,123,282860,19,3810,2217398
401,San Bernardino,County,150,286626,11,4954,10858,2511414,260,335994,34,282894,1,3811,2217398
402,San Bernardino,County,106,286732,6,4960,10656,2522070,174,336168,77,282971,12,3823,2217398
403,San Bernardino,County,114,286846,6,4966,8293,2530363,164,336332,169,283140,18,3841,2217398
404,San Bernardino,County,89,286935,3,4969,7444,2537807,164,336496,172,283312,28,3869,2217398
405,San Bernardino,County,96,287031,4,4973,6333,2544140,145,336641,246,283558,48,3917,2217398
406,San Bernardino,County,58,287089,4,4977,2868,2547008,63,336704,169,283727,55,3972,2217398
407,San Bernardino,County,53,287142,1,4978,1777,2548785,58,336762,64,283791,24,3996,2217398
408,San Bernardino,County,123,287265,2,4980,10347,2559132,215,336977,24,283815,8,4004,2217398
409,San Bernardino,County,94,287359,5,4985,9778,2568910,137,337114,165,283980,28,4032,2217398
410,San Bernardino,County,128,287487,4,4989,11063,2579973,213,337327,190,284170,17,4049,2217398
411,San Bernardino,County,115,287602,5,4994,7713,2587686,160,337487,124,284294,27,4076,2217398
412,San Bernardino,County,79,287681,3,4997,6935,2594621,136,337623,207,284501,-59,4017,2217398
413,San Bernardino,County,72,287753,7,5004,2679,2597300,76,337699,189,284690,-52,3965,2217398
414,San Bernardino,County,65,287818,0,5004,2090,2599390,76,337775,42,284732,129,4094,2217398
415,San Bernardino,County,88,287906,5,5009,9736,2609126,160,337935,39,284771,13,4107,2217398
416,San Bernardino,County,87,287993,1,5010,8999,2618125,115,338050,104,284875,27,4134,2217398
417,San Bernardino,County,82,288075,4,5014,8485,2626610,142,338192,108,284983,36,4170,2217398
418,San Bernardino,County,85,288160,4,5018,7730,2634340,149,338341,151,285134,52,4222,2217398
419,San Bernardino,County,81,288241,10,5028,6307,2640647,121,338462,179,285313,66,4288,2217398
420,San Bernardino,County,55,288296,1,5029,2518,2643165,70,338532,167,285480,37,4325,2217398
421,San Bernardino,County,62,288358,3,5032,2331,2645496,62,338594,90,285570,7,4332,2217398
422,San Bernardino,County,118,288476,5,5037,10972,2656468,140,338734,45,285615,3,4335,2217398
423,San Bernardino,County,98,288574,6,5043,9945,2666413,124,338858,143,285758,8,4343,2217398
424,San Bernardino,County,107,288681,5,5048,7488,2673901,187,339045,158,285916,13,4356,2217398
425,San Bernardino,County,96,288777,6,5054,8234,2682135,121,339166,170,286086,48,4404,2217398
243,San Diego,County,303,49438,1,830,9670,816345,332,39996,305,47487,9,792,3370418
244,San Diego,County,282,49720,5,835,9398,825743,318,40314,306,47793,2,794,3370418
245,San Diego,County,252,49972,3,838,6112,831855,211,40525,409,48202,4,798,3370418
246,San Diego,County,231,50203,1,839,4141,835996,166,40691,236,48438,5,803,3370418
247,San Diego,County,366,50569,3,842,11632,847628,348,41039,224,48662,0,803,3370418
248,San Diego,County,336,50905,4,846,12603,860231,325,41364,161,48823,3,806,3370418
249,San Diego,County,337,51242,4,850,11440,871671,365,41729,354,49177,7,813,3370418
250,San Diego,County,316,51558,4,854,10958,882629,384,42113,291,49468,6,819,3370418
251,San Diego,County,280,51838,6,860,8347,890976,274,42387,357,49825,2,821,3370418
252,San Diego,County,276,52114,8,868,3813,894789,142,42529,320,50145,4,825,3370418
253,San Diego,County,230,52344,1,869,3635,898424,123,42652,408,50553,1,826,3370418
254,San Diego,County,349,52693,3,872,8561,906985,266,42918,195,50748,0,826,3370418
255,San Diego,County,290,52983,0,872,12004,918989,353,43271,278,51026,14,840,3370418
256,San Diego,County,292,53275,1,873,11492,930481,334,43605,303,51329,4,844,3370418
257,San Diego,County,318,53593,3,876,11581,942062,393,43998,143,51472,3,847,3370418
258,San Diego,County,284,53877,3,879,9452,951514,301,44299,313,51785,3,850,3370418
259,San Diego,County,241,54118,3,882,5757,957271,226,44525,201,51986,3,853,3370418
260,San Diego,County,225,54343,4,886,4418,961689,160,44685,373,52359,0,853,3370418
261,San Diego,County,389,54732,7,893,11898,973587,379,45064,380,52739,0,853,3370418
262,San Diego,County,386,55118,3,896,12926,986513,395,45459,265,53004,4,857,3370418
263,San Diego,County,336,55454,0,896,10863,997376,342,45801,275,53279,6,863,3370418
264,San Diego,County,352,55806,2,898,10856,1008232,362,46163,235,53514,3,866,3370418
265,San Diego,County,385,56191,3,901,5827,1014059,187,46350,430,53944,1,867,3370418
266,San Diego,County,306,56497,3,904,3693,1017752,103,46453,386,54330,1,868,3370418
267,San Diego,County,277,56774,3,907,2888,1020640,85,46538,269,54599,2,870,3370418
268,San Diego,County,463,57237,4,911,7613,1028253,199,46737,358,54957,0,870,3370418
269,San Diego,County,391,57628,2,913,7198,1035451,173,46910,269,55226,7,877,3370418
270,San Diego,County,473,58101,4,917,7384,1042835,307,47217,330,55556,4,881,3370418
271,San Diego,County,383,58484,3,920,7840,1050675,241,47458,360,55916,4,885,3370418
272,San Diego,County,464,58948,3,923,7823,1058498,268,47726,471,56387,3,888,3370418
273,San Diego,County,405,59353,2,925,5340,1063838,252,47978,382,56769,3,891,3370418
274,San Diego,County,453,59806,5,930,5441,1069279,224,48202,353,57122,0,891,3370418
275,San Diego,County,688,60494,3,933,15460,1084739,581,48783,307,57429,0,891,3370418
276,San Diego,County,723,61217,2,935,15339,1100078,656,49439,293,57722,10,901,3370418
277,San Diego,County,676,61893,1,936,15152,1115230,707,50146,404,58126,3,904,3370418
278,San Diego,County,645,62538,5,941,14103,1129333,745,50891,533,58659,0,904,3370418
279,San Diego,County,626,63164,1,942,13173,1142506,593,51484,484,59143,3,907,3370418
280,San Diego,County,523,63687,4,946,7339,1149845,377,51861,539,59682,2,909,3370418
281,San Diego,County,512,64199,4,950,6048,1155893,301,52162,517,60199,-1,908,3370418
282,San Diego,County,845,65044,0,950,17225,1173118,764,52926,373,60572,0,908,3370418
283,San Diego,County,855,65899,4,954,17071,1190189,817,53743,513,61085,7,915,3370418
284,San Diego,County,891,66790,7,961,14332,1204521,861,54604,661,61746,3,918,3370418
285,San Diego,County,935,67725,5,966,16928,1221449,913,55517,590,62336,0,918,3370418
286,San Diego,County,979,68704,8,974,15491,1236940,816,56333,642,62978,3,921,3370418
287,San Diego,County,847,69551,6,980,9784,1246724,644,56977,737,63715,5,926,3370418
288,San Diego,County,765,70316,5,985,7261,1253985,499,57476,1055,64770,0,926,3370418
289,San Diego,County,1499,71815,9,994,22086,1276071,1272,58748,833,65603,0,926,3370418
290,San Diego,County,1308,73123,5,999,22687,1298758,1355,60103,718,66321,7,933,3370418
291,San Diego,County,1252,74375,8,1007,20834,1319592,1291,61394,922,67243,12,945,3370418
292,San Diego,County,1292,75667,5,1012,20581,1340173,1477,62871,899,68142,7,952,3370418
293,San Diego,County,1248,76915,4,1016,16526,1356699,1144,64015,1091,69233,8,960,3370418
294,San Diego,County,998,77913,6,1022,13568,1370267,1053,65068,1478,70711,6,966,3370418
295,San Diego,County,779,78692,8,1030,11059,1381326,750,65818,938,71649,2,968,3370418
296,San Diego,County,1736,80428,5,1035,26863,1408189,1679,67497,1168,72817,0,968,3370418
297,San Diego,County,1462,81890,6,1041,22569,1430758,1704,69201,1546,74363,16,984,3370418
298,San Diego,County,1406,83296,4,1045,19139,1449897,1782,70983,944,75307,4,988,3370418
299,San Diego,County,653,83949,6,1051,3634,1453531,409,71392,1052,76359,8,996,3370418
300,San Diego,County,1610,85559,9,1060,15072,1468603,1675,73067,1802,78161,0,996,3370418
301,San Diego,County,1193,86752,8,1068,11735,1480338,1316,74383,1859,80020,1,997,3370418
302,San Diego,County,1253,88005,5,1073,10350,1490688,1018,75401,1066,81086,0,997,3370418
303,San Diego,County,2411,90416,4,1077,27708,1518396,2355,77756,959,82045,0,997,3370418
304,San Diego,County,2360,92776,7,1084,26547,1544943,2242,79998,1378,83423,22,1019,3370418
305,San Diego,County,2257,95033,12,1096,24972,1569915,2357,82355,1217,84640,16,1035,3370418
306,San Diego,County,1914,96947,15,1111,25167,1595082,2344,84699,1504,86144,5,1040,3370418
307,San Diego,County,1808,98755,14,1125,21025,1616107,2104,86803,2039,88183,7,1047,3370418
308,San Diego,County,1482,100237,11,1136,14818,1630925,1651,88454,2287,90470,8,1055,3370418
309,San Diego,County,1349,101586,13,1149,11498,1642423,1268,89722,1703,92173,7,1062,3370418
310,San Diego,County,3030,104616,19,1168,29256,1671679,3015,92737,1998,94171,0,1062,3370418
311,San Diego,County,2788,107404,15,1183,25854,1697533,2690,95427,1276,95447,26,1088,3370418
312,San Diego,County,3370,110774,15,1198,26132,1723665,3355,98782,2104,97551,15,1103,3370418
313,San Diego,County,2977,113751,29,1227,22952,1746617,2873,101655,2050,99601,11,1114,3370418
314,San Diego,County,2524,116275,13,1240,19122,1765739,2311,103966,2867,102468,23,1137,3370418
315,San Diego,County,1957,118232,20,1260,15236,1780975,2127,106093,2490,104958,14,1151,3370418
316,San Diego,County,1620,119852,16,1276,11219,1792194,1455,107548,2414,107372,11,1162,3370418
317,San Diego,County,3595,123447,19,1295,30823,1823017,3804,111352,2206,109578,0,1162,3370418
318,San Diego,County,3731,127178,29,1324,28102,1851119,3645,114997,1863,111441,32,1194,3370418
319,San Diego,County,3561,130739,18,1342,27323,1878442,3706,118703,2807,114248,23,1217,3370418
320,San Diego,County,3101,133840,21,1363,26182,1904624,3507,122210,2604,116852,22,1239,3370418
321,San Diego,County,2794,136634,35,1398,24768,1929392,3189,125399,3611,120463,14,1253,3370418
322,San Diego,County,2174,138808,23,1421,18370,1947762,2598,127997,2509,122972,27,1280,3370418
323,San Diego,County,1766,140574,20,1441,14987,1962749,1764,129761,3493,126465,0,1280,3370418
324,San Diego,County,3713,144287,31,1472,35349,1998098,3942,133703,3251,129716,4,1284,3370418
325,San Diego,County,3446,147733,31,1503,31049,2029147,3932,137635,2381,132097,27,1311,3370418
326,San Diego,County,3352,151085,24,1527,28236,2057383,3745,141380,2598,134695,39,1350,3370418
327,San Diego,County,2422,153507,25,1552,17565,2074948,2611,143991,2257,136952,32,1382,3370418
328,San Diego,County,1082,154589,33,1585,3893,2078841,808,144799,3006,139958,20,1402,3370418
329,San Diego,County,2480,157069,36,1621,19166,2098007,3346,148145,2686,142644,0,1402,3370418
330,San Diego,County,2522,159591,27,1648,15431,2113438,2632,150777,3133,145777,0,1402,3370418
331,San Diego,County,4405,163996,44,1692,31711,2145149,4777,155554,1751,147528,2,1404,3370418
332,San Diego,County,4738,168734,50,1742,30745,2175894,5132,160686,2534,150062,31,1435,3370418
333,San Diego,County,4221,172955,37,1779,30510,2206404,4941,165627,2448,152510,37,1472,3370418
334,San Diego,County,3632,176587,29,1808,23496,2229900,3890,169517,3083,155593,62,1534,3370418
335,San Diego,County,1762,178349,45,1853,8064,2237964,1388,170905,4478,160071,58,1592,3370418
336,San Diego,County,3061,181410,28,1881,21608,2259572,3947,174852,4427,164498,0,1592,3370418
337,San Diego,County,2592,184002,40,1921,16430,2276002,2838,177690,3520,168018,0,1592,3370418
338,San Diego,County,5255,189257,27,1948,36487,2312489,5666,183356,3013,171031,6,1598,3370418
339,San Diego,County,4568,193825,39,1987,33034,2345523,5075,188431,1814,172845,56,1654,3370418
340,San Diego,County,4136,197961,39,2026,31091,2376614,4660,193091,3815,176660,37,1691,3370418
341,San Diego,County,3495,201456,43,2069,31398,2408012,4391,197482,3850,180510,47,1738,3370418
342,San Diego,County,3304,204760,34,2103,27633,2435645,3890,201372,4550,185060,33,1771,3370418
343,San Diego,County,2535,207295,36,2139,19501,2455146,2959,204331,3538,188598,53,1824,3370418
344,San Diego,County,1692,208987,37,2176,14643,2469789,2046,206377,3288,191886,33,1857,3370418
345,San Diego,County,3654,212641,48,2224,33761,2503550,4199,210576,2907,194793,0,1857,3370418
346,San Diego,County,3265,215906,41,2265,29972,2533522,3673,214249,3524,198317,41,1898,3370418
347,San Diego,County,2910,218816,47,2312,27410,2560932,3334,217583,3261,201578,54,1952,3370418
348,San Diego,County,2613,221429,44,2356,25997,2586929,3232,220815,2595,204173,53,2005,3370418
349,San Diego,County,2390,223819,58,2414,22880,2609809,2910,223725,2695,206868,32,2037,3370418
350,San Diego,County,1748,225567,40,2454,14836,2624645,2044,225769,3027,209895,28,2065,3370418
351,San Diego,County,1296,226863,49,2503,10793,2635438,1417,227186,1890,211785,38,2103,3370418
352,San Diego,County,2193,229056,36,2539,20006,2655444,2212,229398,2550,214335,0,2103,3370418
353,San Diego,County,2642,231698,42,2581,25323,2680767,2379,231777,2498,216833,6,2109,3370418
354,San Diego,County,2419,234117,43,2624,23651,2704418,2373,234150,1720,218553,65,2174,3370418
355,San Diego,County,1853,235970,35,2659,25305,2729723,2357,236507,1176,219729,48,2222,3370418
356,San Diego,County,1775,237745,34,2693,21410,2751133,2177,238684,2847,222576,79,2301,3370418
357,San Diego,County,1239,238984,36,2729,11390,2762523,1285,239969,2980,225556,43,2344,3370418
358,San Diego,County,1058,240042,40,2769,9664,2772187,1014,240983,1637,227193,31,2375,3370418
359,San Diego,County,1690,241732,32,2801,22493,2794680,1766,242749,1437,228630,0,2375,3370418
360,San Diego,County,1609,243341,34,2835,20819,2815499,1801,244550,1433,230063,46,2421,3370418
361,San Diego,County,1491,244832,40,2875,21387,2836886,1766,246316,1415,231478,44,2465,3370418
362,San Diego,County,1329,246161,31,2906,22037,2858923,1718,248034,1489,232967,69,2534,3370418
363,San Diego,County,1149,247310,32,2938,15508,2874431,1221,249255,1670,234637,37,2571,3370418
364,San Diego,County,941,248251,30,2968,11262,2885693,1187,250442,2128,236765,32,2603,3370418
365,San Diego,County,758,249009,36,3004,10514,2896207,731,251173,1274,238039,16,2619,3370418
366,San Diego,County,1313,250322,44,3048,32783,2928990,2236,253409,1082,239121,0,2619,3370418
367,San Diego,County,1222,251544,27,3075,34145,2963135,2631,256040,926,240047,10,2629,3370418
368,San Diego,County,1037,252581,27,3102,31092,2994227,2347,258387,968,241015,54,2683,3370418
369,San Diego,County,901,253482,31,3133,30920,3025147,2065,260452,1598,242613,55,2738,3370418
370,San Diego,County,788,254270,23,3156,24121,3049268,1806,262258,1453,244066,39,2777,3370418
371,San Diego,County,576,254846,25,3181,12813,3062081,1108,263366,1265,245331,35,2812,3370418
372,San Diego,County,496,255342,18,3199,11529,3073610,846,264212,1230,246561,9,2821,3370418
373,San Diego,County,786,256128,28,3227,29357,3102967,1400,265612,698,247259,0,2821,3370418
374,San Diego,County,742,256870,15,3242,28790,3131757,1694,267306,789,248048,32,2853,3370418
375,San Diego,County,656,257526,36,3278,25555,3157312,1378,268684,810,248858,51,2904,3370418
376,San Diego,County,581,258107,15,3293,23890,3181202,1126,269810,1113,249971,51,2955,3370418
377,San Diego,County,551,258658,18,3311,13580,3194782,748,270558,817,250788,24,2979,3370418
378,San Diego,County,382,259040,21,3332,8014,3202796,507,271065,891,251679,30,3009,3370418
379,San Diego,County,330,259370,17,3349,6567,3209363,340,271405,568,252247,28,3037,3370418
380,San Diego,County,492,259862,24,3373,14614,3223977,668,272073,693,252940,0,3037,3370418
381,San Diego,County,512,260374,20,3393,21401,3245378,781,272854,698,253638,5,3042,3370418
382,San Diego,County,463,260837,17,3410,17849,3263227,701,273555,539,254177,57,3099,3370418
383,San Diego,County,376,261213,10,3420,16981,3280208,600,274155,810,254987,36,3135,3370418
384,San Diego,County,353,261566,14,3434,14084,3294292,533,274688,812,255799,34,3169,3370418
385,San Diego,County,290,261856,18,3452,7808,3302100,367,275055,711,256510,19,3188,3370418
386,San Diego,County,242,262098,16,3468,6992,3309092,219,275274,517,257027,2,3190,3370418
387,San Diego,County,434,262532,13,3481,18167,3327259,518,275792,321,257348,-1,3189,3370418
388,San Diego,County,409,262941,18,3499,18976,3346235,549,276341,454,257802,29,3218,3370418
389,San Diego,County,375,263316,8,3507,15838,3362073,507,276848,658,258460,12,3230,3370418
390,San Diego,County,293,263609,14,3521,14013,3376086,454,277302,519,258979,30,3260,3370418
391,San Diego,County,295,263904,13,3534,12489,3388575,375,277677,662,259641,11,3271,3370418
392,San Diego,County,227,264131,8,3542,6980,3395555,264,277941,450,260091,13,3284,3370418
393,San Diego,County,189,264320,9,3551,6470,3402025,215,278156,262,260353,19,3303,3370418
394,San Diego,County,296,264616,8,3559,17395,3419420,399,278555,269,260622,0,3303,3370418
395,San Diego,County,315,264931,11,3570,17342,3436762,383,278938,376,260998,14,3317,3370418
396,San Diego,County,244,265175,13,3583,13657,3450419,355,279293,352,261350,25,3342,3370418
397,San Diego,County,262,265437,8,3591,13298,3463717,361,279654,508,261858,17,3359,3370418
398,San Diego,County,259,265696,4,3595,11182,3474899,301,279955,499,262357,12,3371,3370418
399,San Diego,County,232,265928,8,3603,7093,3481992,253,280208,421,262778,14,3385,3370418
400,San Diego,County,187,266115,7,3610,6547,3488539,176,280384,187,262965,5,3390,3370418
401,San Diego,County,282,266397,5,3615,16009,3504548,278,280662,307,263272,0,3390,3370418
402,San Diego,County,241,266638,7,3622,16244,3520792,367,281029,473,263745,15,3405,3370418
403,San Diego,County,233,266871,3,3625,14322,3535114,318,281347,349,264094,8,3413,3370418
404,San Diego,County,221,267092,7,3632,14421,3549535,328,281675,430,264524,9,3422,3370418
405,San Diego,County,164,267256,1,3633,14687,3564222,321,281996,362,264886,12,3434,3370418
406,San Diego,County,163,267419,2,3635,8307,3572529,241,282237,384,265270,10,3444,3370418
407,San Diego,County,155,267574,6,3641,7467,3579996,221,282458,198,265468,8,3452,3370418
408,San Diego,County,235,267809,5,3646,19698,3599694,325,282783,178,265646,0,3452,3370418
409,San Diego,County,251,268060,7,3653,22561,3622255,501,283284,257,265903,10,3462,3370418
410,San Diego,County,232,268292,3,3656,18836,3641091,401,283685,410,266313,8,3470,3370418
411,San Diego,County,211,268503,2,3658,17481,3658572,404,284089,439,266752,8,3478,3370418
412,San Diego,County,152,268655,3,3661,13692,3672264,284,284373,421,267173,13,3491,3370418
413,San Diego,County,135,268790,6,3667,7795,3680059,200,284573,359,267532,2,3493,3370418
414,San Diego,County,171,268961,2,3669,7036,3687095,219,284792,192,267724,1,3494,3370418
415,San Diego,County,260,269221,3,3672,16184,3703279,243,285035,189,267913,0,3494,3370418
416,San Diego,County,211,269432,1,3673,15845,3719124,285,285320,243,268156,4,3498,3370418
417,San Diego,County,245,269677,5,3678,14478,3733602,355,285675,257,268413,11,3509,3370418
418,San Diego,County,215,269892,2,3680,13419,3747021,309,285984,210,268623,11,3520,3370418
419,San Diego,County,227,270119,4,3684,11894,3758915,272,286256,422,269045,5,3525,3370418
420,San Diego,County,178,270297,2,3686,6371,3765286,251,286507,226,269271,15,3540,3370418
421,San Diego,County,170,270467,2,3688,6012,3771298,196,286703,205,269476,7,3547,3370418
422,San Diego,County,273,270740,2,3690,15902,3787200,380,287083,295,269771,0,3547,3370418
423,San Diego,County,266,271006,4,3694,16176,3803376,419,287502,227,269998,8,3555,3370418
424,San Diego,County,237,271243,2,3696,14990,3818366,372,287874,290,270288,0,3555,3370418
425,San Diego,County,231,271474,1,3697,13455,3831821,329,288203,252,270540,0,3555,3370418
243,San Francisco,County,30,11514,5,134,6345,570945,65,16662,37,11284,4,110,892280
244,San Francisco,County,31,11545,2,136,5880,576825,38,16700,114,11398,0,110,892280
245,San Francisco,County,23,11568,0,136,3051,579876,26,16726,77,11475,0,110,892280
246,San Francisco,County,25,11593,5,141,2380,582256,21,16747,-1,11474,0,110,892280
247,San Francisco,County,32,11625,2,143,6879,589135,40,16787,2,11476,0,110,892280
248,San Francisco,County,39,11664,0,143,6655,595790,48,16835,37,11513,5,115,892280
249,San Francisco,County,26,11690,0,143,6844,602634,61,16896,38,11551,0,115,892280
250,San Francisco,County,35,11725,3,146,6937,609571,55,16951,57,11608,0,115,892280
251,San Francisco,County,37,11762,4,150,6447,616018,49,17000,12,11620,5,120,892280
252,San Francisco,County,30,11792,3,153,3366,619384,21,17021,43,11663,2,122,892280
253,San Francisco,County,21,11813,1,154,2795,622179,24,17045,-4,11659,0,122,892280
254,San Francisco,County,43,11856,0,154,5830,628009,56,17101,0,11659,0,122,892280
255,San Francisco,County,32,11888,0,154,6735,634744,49,17150,0,11659,0,122,892280
256,San Francisco,County,35,11923,1,155,6632,641376,50,17200,124,11783,1,123,892280
257,San Francisco,County,32,11955,0,155,6738,648114,49,17249,25,11808,3,126,892280
258,San Francisco,County,28,11983,0,155,5716,653830,43,17292,32,11840,0,126,892280
259,San Francisco,County,22,12005,0,155,2793,656623,32,17324,37,11877,0,126,892280
260,San Francisco,County,28,12033,1,156,2517,659140,16,17340,1,11878,0,126,892280
261,San Francisco,County,39,12072,2,158,7019,666159,55,17395,1,11879,0,126,892280
262,San Francisco,County,44,12116,0,158,6878,673037,43,17438,134,12013,0,126,892280
263,San Francisco,County,47,12163,0,158,6663,679700,37,17475,-37,11976,11,137,892280
264,San Francisco,County,49,12212,0,158,6987,686687,72,17547,15,11991,0,137,892280
265,San Francisco,County,58,12270,0,158,5895,692582,76,17623,24,12015,0,137,892280
266,San Francisco,County,31,12301,2,160,3128,695710,41,17664,58,12073,0,137,892280
267,San Francisco,County,58,12359,0,160,2521,698231,45,17709,-1,12072,0,137,892280
268,San Francisco,County,73,12432,0,160,7367,705598,61,17770,0,12072,1,138,892280
269,San Francisco,County,60,12492,0,160,7314,712912,78,17848,146,12218,2,140,892280
270,San Francisco,County,74,12566,0,160,7488,720400,70,17918,43,12261,5,145,892280
271,San Francisco,County,58,12624,0,160,7620,728020,58,17976,51,12312,0,145,892280
272,San Francisco,County,79,12703,0,160,6859,734879,68,18044,72,12384,0,145,892280
273,San Francisco,County,55,12758,0,160,3006,737885,72,18116,54,12438,0,145,892280
274,San Francisco,County,74,12832,1,161,2534,740419,35,18151,-2,12436,0,145,892280
275,San Francisco,County,122,12954,0,161,7767,748186,111,18262,0,12436,0,145,892280
276,San Francisco,County,97,13051,0,161,7306,755492,108,18370,149,12585,1,146,892280
277,San Francisco,County,123,13174,0,161,7634,763126,129,18499,64,12649,0,146,892280
278,San Francisco,County,84,13258,0,161,7521,770647,135,18634,77,12726,0,146,892280
279,San Francisco,County,112,13370,0,161,6666,777313,125,18759,99,12825,0,146,892280
280,San Francisco,County,69,13439,0,161,3504,780817,75,18834,155,12980,0,146,892280
281,San Francisco,County,61,13500,0,161,2961,783778,41,18875,5,12985,0,146,892280
282,San Francisco,County,131,13631,2,163,8207,791985,149,19024,-1,12984,0,146,892280
283,San Francisco,County,119,13750,0,163,8775,800760,137,19161,226,13210,0,146,892280
284,San Francisco,County,117,13867,0,163,6371,807131,108,19269,77,13287,0,146,892280
285,San Francisco,County,108,13975,1,164,8038,815169,162,19431,2,13289,0,146,892280
286,San Francisco,County,99,14074,0,164,6962,822131,128,19559,227,13516,0,146,892280
287,San Francisco,County,93,14167,1,165,4105,826236,87,19646,145,13661,7,153,892280
288,San Francisco,County,87,14254,1,166,3558,829794,70,19716,96,13757,0,153,892280
289,San Francisco,County,177,14431,0,166,8560,838354,173,19889,90,13847,0,153,892280
290,San Francisco,County,159,14590,1,167,10711,849065,172,20061,105,13952,0,153,892280
291,San Francisco,County,166,14756,1,168,10313,859378,201,20262,105,14057,0,153,892280
292,San Francisco,County,144,14900,0,168,10586,869964,191,20453,121,14178,0,153,892280
293,San Francisco,County,157,15057,0,168,10336,880300,185,20638,149,14327,0,153,892280
294,San Francisco,County,104,15161,0,168,5358,885658,99,20737,118,14445,0,153,892280
295,San Francisco,County,103,15264,0,168,5672,891330,107,20844,70,14515,0,153,892280
296,San Francisco,County,171,15435,1,169,12653,903983,238,21082,131,14646,0,153,892280
297,San Francisco,County,159,15594,1,170,12497,916480,230,21312,228,14874,0,153,892280
298,San Francisco,County,195,15789,0,170,7338,923818,184,21496,179,15053,0,153,892280
299,San Francisco,County,105,15894,0,170,1461,925279,60,21556,103,15156,0,153,892280
300,San Francisco,County,137,16031,0,170,3894,929173,140,21696,221,15377,0,153,892280
301,San Francisco,County,156,16187,1,171,4555,933728,124,21820,73,15450,0,153,892280
302,San Francisco,County,177,16364,1,172,6426,940154,228,22048,121,15571,0,153,892280
303,San Francisco,County,280,16644,2,174,13129,953283,337,22385,67,15638,4,157,892280
304,San Francisco,County,298,16942,1,175,13554,966837,385,22770,159,15797,0,157,892280
305,San Francisco,County,281,17223,0,175,10094,976931,336,23106,261,16058,0,157,892280
306,San Francisco,County,238,17461,0,175,10444,987375,322,23428,178,16236,4,161,892280
307,San Francisco,County,222,17683,1,176,9438,996813,276,23704,263,16499,0,161,892280
308,San Francisco,County,189,17872,1,177,4941,1001754,170,23874,287,16786,0,161,892280
309,San Francisco,County,184,18056,0,177,3974,1005728,135,24009,321,17107,0,161,892280
310,San Francisco,County,322,18378,1,178,10955,1016683,361,24370,113,17220,0,161,892280
311,San Francisco,County,290,18668,0,178,10350,1027033,342,24712,164,17384,1,162,892280
312,San Francisco,County,309,18977,2,180,10661,1037694,332,25044,244,17628,1,163,892280
313,San Francisco,County,302,19279,1,181,10420,1048114,372,25416,317,17945,1,164,892280
314,San Francisco,County,314,19593,4,185,9514,1057628,378,25794,301,18246,1,165,892280
315,San Francisco,County,230,19823,1,186,5343,1062971,231,26025,167,18413,2,167,892280
316,San Francisco,County,189,20012,2,188,4037,1067008,151,26176,273,18686,0,167,892280
317,San Francisco,County,344,20356,1,189,10870,1077878,399,26575,218,18904,4,171,892280
318,San Francisco,County,375,20731,3,192,11301,1089179,421,26996,379,19283,0,171,892280
319,San Francisco,County,309,21040,3,195,11548,1100727,421,27417,341,19624,-1,170,892280
320,San Francisco,County,258,21298,4,199,11848,1112575,357,27774,315,19939,0,170,892280
321,San Francisco,County,289,21587,3,202,10624,1123199,356,28130,376,20315,3,173,892280
322,San Francisco,County,167,21754,2,204,5940,1129139,164,28294,328,20643,1,174,892280
323,San Francisco,County,150,21904,2,206,4779,1133918,123,28417,294,20937,0,174,892280
324,San Francisco,County,315,22219,1,207,12818,1146736,386,28803,149,21086,0,174,892280
325,San Francisco,County,282,22501,5,212,11862,1158598,378,29181,146,21232,0,174,892280
326,San Francisco,County,269,22770,3,215,11538,1170136,340,29521,266,21498,0,174,892280
327,San Francisco,County,223,22993,8,223,6510,1176646,269,29790,332,21830,1,175,892280
328,San Francisco,County,165,23158,7,230,1325,1177971,92,29882,300,22130,0,175,892280
329,San Francisco,County,276,23434,3,233,4970,1182941,272,30154,189,22319,2,177,892280
330,San Francisco,County,233,23667,4,237,4487,1187428,194,30348,195,22514,1,178,892280
331,San Francisco,County,349,24016,5,242,10659,1198087,457,30805,212,22726,0,178,892280
332,San Francisco,County,361,24377,5,247,10680,1208767,505,31310,270,22996,0,178,892280
333,San Francisco,County,337,24714,6,253,9848,1218615,425,31735,103,23099,4,182,892280
334,San Francisco,County,291,25005,7,260,6690,1225305,341,32076,641,23740,1,183,892280
335,San Francisco,County,225,25230,4,264,1983,1227288,95,32171,405,24145,4,187,892280
336,San Francisco,County,275,25505,9,273,5853,1233141,278,32449,269,24414,7,194,892280
337,San Francisco,County,260,25765,4,277,4773,1237914,215,32664,174,24588,-1,193,892280
338,San Francisco,County,498,26263,3,280,12364,1250278,583,33247,165,24753,-2,191,892280
339,San Francisco,County,385,26648,2,282,11789,1262067,491,33738,236,24989,5,196,892280
340,San Francisco,County,366,27014,6,288,12426,1274493,416,34154,435,25424,3,199,892280
341,San Francisco,County,371,27385,8,296,11706,1286199,495,34649,461,25885,3,202,892280
342,San Francisco,County,334,27719,7,303,10873,1297072,417,35066,493,26378,5,207,892280
343,San Francisco,County,247,27966,4,307,5236,1302308,268,35334,330,26708,28,235,892280
344,San Francisco,County,174,28140,5,312,4265,1306573,168,35502,346,27054,3,238,892280
345,San Francisco,County,381,28521,6,318,12559,1319132,488,35990,210,27264,0,238,892280
346,San Francisco,County,271,28792,7,325,10755,1329887,358,36348,267,27531,0,238,892280
347,San Francisco,County,276,29068,8,333,10242,1340129,342,36690,332,27863,0,238,892280
348,San Francisco,County,239,29307,9,342,10644,1350773,392,37082,337,28200,0,238,892280
349,San Francisco,County,242,29549,5,347,8971,1359744,412,37494,374,28574,4,242,892280
350,San Francisco,County,170,29719,10,357,4717,1364461,205,37699,279,28853,2,244,892280
351,San Francisco,County,126,29845,2,359,3707,1368168,142,37841,286,29139,11,255,892280
352,San Francisco,County,189,30034,2,361,6332,1374500,211,38052,182,29321,4,259,892280
353,San Francisco,County,206,30240,6,367,9778,1384278,256,38308,181,29502,2,261,892280
354,San Francisco,County,217,30457,5,372,9374,1393652,251,38559,163,29665,1,262,892280
355,San Francisco,County,196,30653,8,380,10341,1403993,269,38828,136,29801,4,266,892280
356,San Francisco,County,176,30829,9,389,8731,1412724,254,39082,226,30027,0,266,892280
357,San Francisco,County,111,30940,3,392,3893,1416617,141,39223,281,30308,2,268,892280
358,San Francisco,County,105,31045,3,395,3219,1419836,115,39338,251,30559,7,275,892280
359,San Francisco,County,189,31234,3,398,8738,1428574,222,39560,175,30734,13,288,892280
360,San Francisco,County,148,31382,2,400,8329,1436903,190,39750,140,30874,-2,286,892280
361,San Francisco,County,130,31512,3,403,7252,1444155,163,39913,208,31082,1,287,892280
362,San Francisco,County,142,31654,7,410,8378,1452533,178,40091,111,31193,3,290,892280
363,San Francisco,County,138,31792,5,415,7500,1460033,188,40279,101,31294,17,307,892280
364,San Francisco,County,140,31932,2,417,3597,1463630,168,40447,133,31427,9,316,892280
365,San Francisco,County,100,32032,10,427,2440,1466070,101,40548,136,31563,7,323,892280
366,San Francisco,County,187,32219,2,429,8254,1474324,197,40745,140,31703,1,324,892280
367,San Francisco,County,133,32352,3,432,9369,1483693,171,40916,85,31788,0,324,892280
368,San Francisco,County,156,32508,3,435,9117,1492810,211,41127,195,31983,1,325,892280
369,San Francisco,County,130,32638,8,443,8437,1501247,214,41341,133,32116,1,326,892280
370,San Francisco,County,113,32751,8,451,7321,1508568,192,41533,113,32229,11,337,892280
371,San Francisco,County,89,32840,5,456,3513,1512081,105,41638,208,32437,9,346,892280
372,San Francisco,County,72,32912,2,458,2514,1514595,83,41721,172,32609,2,348,892280
373,San Francisco,County,120,33032,4,462,8742,1523337,156,41877,70,32679,0,348,892280
374,San Francisco,County,95,33127,6,468,8866,1532203,145,42022,103,32782,1,349,892280
375,San Francisco,County,79,33206,9,477,9025,1541228,133,42155,173,32955,2,351,892280
376,San Francisco,County,82,33288,1,478,7843,1549071,135,42290,121,33076,5,356,892280
377,San Francisco,County,83,33371,7,485,6788,1555859,118,42408,103,33179,3,359,892280
378,San Francisco,County,60,33431,4,489,3295,1559154,59,42467,112,33291,5,364,892280
379,San Francisco,County,49,33480,1,490,2253,1561407,54,42521,83,33374,8,372,892280
380,San Francisco,County,72,33552,6,496,4772,1566179,93,42614,80,33454,1,373,892280
381,San Francisco,County,73,33625,5,501,8920,1575099,112,42726,37,33491,0,373,892280
382,San Francisco,County,70,33695,0,501,8572,1583671,95,42821,67,33558,6,379,892280
383,San Francisco,County,77,33772,5,506,7968,1591639,114,42935,92,33650,7,386,892280
384,San Francisco,County,58,33830,1,507,6989,1598628,81,43016,96,33746,1,387,892280
385,San Francisco,County,48,33878,1,508,3310,1601938,62,43078,74,33820,12,399,892280
386,San Francisco,County,43,33921,0,508,2434,1604372,40,43118,71,33891,6,405,892280
387,San Francisco,County,65,33986,5,513,8304,1612676,97,43215,56,33947,0,405,892280
388,San Francisco,County,59,34045,3,516,8360,1621036,87,43302,47,33994,0,405,892280
389,San Francisco,County,49,34094,3,519,8692,1629728,74,43376,67,34061,1,406,892280
390,San Francisco,County,45,34139,0,519,7602,1637330,68,43444,77,34138,2,408,892280
391,San Francisco,County,42,34181,1,520,6722,1644052,64,43508,75,34213,5,413,892280
392,San Francisco,County,30,34211,1,521,3070,1647122,34,43542,47,34260,0,413,892280
393,San Francisco,County,33,34244,0,521,2370,1649492,36,43578,31,34291,4,417,892280
394,San Francisco,County,41,34285,0,521,7973,1657465,60,43638,27,34318,7,424,892280
395,San Francisco,County,44,34329,0,521,8112,1665577,61,43699,69,34387,0,424,892280
396,San Francisco,County,41,34370,2,523,8236,1673813,58,43757,56,34443,2,426,892280
397,San Francisco,County,31,34401,2,525,7493,1681306,41,43798,37,34480,0,426,892280
398,San Francisco,County,34,34435,0,525,6269,1687575,48,43846,46,34526,4,430,892280
399,San Francisco,County,40,34475,2,527,2554,1690129,41,43887,34,34560,5,435,892280
400,San Francisco,County,30,34505,0,527,2126,1692255,28,43915,34,34594,10,445,892280
401,San Francisco,County,34,34539,0,527,7943,1700198,59,43974,40,34634,1,446,892280
402,San Francisco,County,27,34566,1,528,7855,1708053,44,44018,20,34654,4,450,892280
403,San Francisco,County,30,34596,1,529,7592,1715645,36,44054,34,34688,0,450,892280
404,San Francisco,County,34,34630,1,530,6454,1722099,42,44096,34,34722,2,452,892280
405,San Francisco,County,36,34666,0,530,5858,1727957,56,44152,36,34758,0,452,892280
406,San Francisco,County,21,34687,0,530,2657,1730614,31,44183,26,34784,3,455,892280
407,San Francisco,County,17,34704,1,531,2167,1732781,20,44203,26,34810,0,455,892280
408,San Francisco,County,38,34742,0,531,7164,1739945,43,44246,10,34820,1,456,892280
409,San Francisco,County,36,34778,0,531,7310,1747255,34,44280,13,34833,0,456,892280
410,San Francisco,County,29,34807,0,531,7243,1754498,43,44323,40,34873,1,457,892280
411,San Francisco,County,35,34842,1,532,6456,1760954,47,44370,31,34904,4,461,892280
412,San Francisco,County,38,34880,0,532,6053,1767007,64,44434,32,34936,0,461,892280
413,San Francisco,County,46,34926,1,533,2642,1769649,36,44470,32,34968,-8,453,892280
414,San Francisco,County,23,34949,2,535,2154,1771803,26,44496,44,35012,7,460,892280
415,San Francisco,County,47,34996,1,536,7891,1779694,53,44549,28,35040,2,462,892280
416,San Francisco,County,42,35038,0,536,8126,1787820,48,44597,31,35071,0,462,892280
417,San Francisco,County,57,35095,3,539,7823,1795643,65,44662,32,35103,0,462,892280
418,San Francisco,County,28,35123,1,540,6697,1802340,61,44723,51,35154,6,468,892280
419,San Francisco,County,39,35162,1,541,5976,1808316,54,44777,32,35186,4,472,892280
420,San Francisco,County,25,35187,3,544,2759,1811075,30,44807,58,35244,2,474,892280
421,San Francisco,County,24,35211,0,544,2132,1813207,24,44831,42,35286,0,474,892280
422,San Francisco,County,47,35258,0,544,7488,1820695,66,44897,5,35291,0,474,892280
423,San Francisco,County,34,35292,0,544,7479,1828174,42,44939,34,35325,0,474,892280
424,San Francisco,County,50,35342,0,544,6601,1834775,61,45000,22,35347,0,474,892280
425,San Francisco,County,44,35386,0,544,6561,1841336,58,45058,39,35386,14,488,892280
243,San Joaquin,County,83,20590,1,501,1564,253077,77,24885,54,20204,10,471,782545
244,San Joaquin,County,48,20638,0,501,1980,255057,63,24948,31,20235,3,474,782545
245,San Joaquin,County,33,20671,3,504,736,255793,21,24969,87,20322,2,476,782545
246,San Joaquin,County,26,20697,4,508,573,256366,21,24990,-2,20320,0,476,782545
247,San Joaquin,County,77,20774,0,508,2855,259221,95,25085,-1,20319,0,476,782545
248,San Joaquin,County,71,20845,1,509,2772,261993,77,25162,162,20481,1,477,782545
249,San Joaquin,County,40,20885,0,509,2595,264588,56,25218,46,20527,1,478,782545
250,San Joaquin,County,52,20937,3,512,2272,266860,61,25279,49,20576,0,478,782545
251,San Joaquin,County,51,20988,0,512,1894,268754,68,25347,72,20648,3,481,782545
252,San Joaquin,County,29,21017,4,516,684,269438,27,25374,52,20700,0,481,782545
253,San Joaquin,County,28,21045,2,518,610,270048,19,25393,0,20700,-1,480,782545
254,San Joaquin,County,75,21120,0,518,3153,273201,94,25487,1,20701,0,480,782545
255,San Joaquin,County,63,21183,1,519,2628,275829,66,25553,121,20822,1,481,782545
256,San Joaquin,County,62,21245,1,520,1892,277721,63,25616,23,20845,6,487,782545
257,San Joaquin,County,79,21324,0,520,1996,279717,77,25693,35,20880,0,487,782545
258,San Joaquin,County,73,21397,0,520,1819,281536,81,25774,30,20910,2,489,782545
259,San Joaquin,County,45,21442,0,520,676,282212,35,25809,22,20932,0,489,782545
260,San Joaquin,County,54,21496,3,523,862,283074,32,25841,-1,20931,0,489,782545
261,San Joaquin,County,82,21578,1,524,3598,286672,126,25967,-1,20930,0,489,782545
262,San Joaquin,County,75,21653,0,524,3020,289692,85,26052,243,21173,1,490,782545
263,San Joaquin,County,78,21731,0,524,2587,292279,103,26155,28,21201,5,495,782545
264,San Joaquin,County,76,21807,0,524,1947,294226,67,26222,81,21282,0,495,782545
265,San Joaquin,County,73,21880,1,525,1981,296207,100,26322,79,21361,0,495,782545
266,San Joaquin,County,56,21936,0,525,769,296976,40,26362,97,21458,0,495,782545
267,San Joaquin,County,52,21988,0,525,601,297577,22,26384,1,21459,0,495,782545
268,San Joaquin,County,107,22095,3,528,3282,300859,140,26524,0,21459,0,495,782545
269,San Joaquin,County,83,22178,0,528,2936,303795,83,26607,178,21637,1,496,782545
270,San Joaquin,County,91,22269,0,528,2435,306230,93,26700,70,21707,2,498,782545
271,San Joaquin,County,83,22352,1,529,2066,308296,85,26785,29,21736,0,498,782545
272,San Joaquin,County,83,22435,0,529,2038,310334,94,26879,113,21849,2,500,782545
273,San Joaquin,County,66,22501,0,529,647,310981,37,26916,69,21918,0,500,782545
274,San Joaquin,County,75,22576,1,530,714,311695,32,26948,1,21919,0,500,782545
275,San Joaquin,County,128,22704,3,533,3531,315226,144,27092,0,21919,0,500,782545
276,San Joaquin,County,139,22843,0,533,3217,318443,138,27230,190,22109,0,500,782545
277,San Joaquin,County,134,22977,2,535,2639,321082,137,27367,88,22197,0,500,782545
278,San Joaquin,County,137,23114,1,536,2455,323537,180,27547,121,22318,2,502,782545
279,San Joaquin,County,163,23277,2,538,2012,325549,163,27710,106,22424,0,502,782545
280,San Joaquin,County,86,23363,0,538,882,326431,81,27791,93,22517,3,505,782545
281,San Joaquin,County,108,23471,1,539,786,327217,63,27854,-3,22514,0,505,782545
282,San Joaquin,County,192,23663,1,540,3768,330985,253,28107,-2,22512,0,505,782545
283,San Joaquin,County,165,23828,0,540,3023,334008,174,28281,353,22865,3,508,782545
284,San Joaquin,County,164,23992,1,541,2362,336370,181,28462,136,23001,1,509,782545
285,San Joaquin,County,159,24151,1,542,3172,339542,182,28644,1,23002,0,509,782545
286,San Joaquin,County,194,24345,2,544,2635,342177,201,28845,312,23314,1,510,782545
287,San Joaquin,County,95,24440,0,544,1160,343337,66,28911,202,23516,1,511,782545
288,San Joaquin,County,91,24531,2,546,1211,344548,95,29006,0,23516,2,513,782545
289,San Joaquin,County,209,24740,2,548,3952,348500,210,29216,-1,23515,0,513,782545
290,San Joaquin,County,287,25027,1,549,3996,352496,302,29518,482,23997,3,516,782545
291,San Joaquin,County,272,25299,0,549,3212,355708,282,29800,149,24146,1,517,782545
292,San Joaquin,County,267,25566,1,550,3387,359095,285,30085,124,24270,-1,516,782545
293,San Joaquin,County,319,25885,1,551,3118,362213,285,30370,190,24460,-1,515,782545
294,San Joaquin,County,152,26037,3,554,1156,363369,120,30490,160,24620,2,517,782545
295,San Joaquin,County,132,26169,2,556,1162,364531,105,30595,-1,24619,0,517,782545
296,San Joaquin,County,296,26465,2,558,4402,368933,309,30904,3,24622,0,517,782545
297,San Joaquin,County,349,26814,1,559,3696,372629,292,31196,696,25318,0,517,782545
298,San Joaquin,County,314,27128,2,561,4170,376799,340,31536,238,25556,-2,515,782545
299,San Joaquin,County,125,27253,2,563,437,377236,66,31602,182,25738,-6,509,782545
300,San Joaquin,County,253,27506,1,564,1809,379045,215,31817,3,25741,0,509,782545
301,San Joaquin,County,220,27726,4,568,1441,380486,219,32036,1,25742,0,509,782545
302,San Joaquin,County,196,27922,3,571,1664,382150,175,32211,-2,25740,0,509,782545
303,San Joaquin,County,741,28663,4,575,6360,388510,801,33012,2,25742,0,509,782545
304,San Joaquin,County,704,29367,3,578,6303,394813,781,33793,690,26432,5,514,782545
305,San Joaquin,County,801,30168,4,582,5650,400463,842,34635,308,26740,5,519,782545
306,San Joaquin,County,621,30789,5,587,5401,405864,657,35292,499,27239,3,522,782545
307,San Joaquin,County,720,31509,1,588,5170,411034,766,36058,567,27806,0,522,782545
308,San Joaquin,County,436,31945,7,595,2118,413152,431,36489,299,28105,1,523,782545
309,San Joaquin,County,259,32204,7,602,1984,415136,281,36770,83,28188,7,530,782545
310,San Joaquin,County,830,33034,5,607,7925,423061,912,37682,0,28188,0,530,782545
311,San Joaquin,County,875,33909,4,611,6853,429914,982,38664,2037,30225,0,530,782545
312,San Joaquin,County,892,34801,2,613,6218,436132,985,39649,314,30539,1,531,782545
313,San Joaquin,County,822,35623,5,618,5702,441834,936,40585,689,31228,3,534,782545
314,San Joaquin,County,632,36255,11,629,4367,446201,694,41279,816,32044,0,534,782545
315,San Joaquin,County,343,36598,10,639,1863,448064,337,41616,156,32200,0,534,782545
316,San Joaquin,County,325,36923,7,646,2299,450363,317,41933,-30,32170,0,534,782545
317,San Joaquin,County,802,37725,5,651,7091,457454,875,42808,352,32522,0,534,782545
318,San Joaquin,County,840,38565,14,665,6521,463975,974,43782,1327,33849,3,537,782545
319,San Joaquin,County,924,39489,13,678,5953,469928,1051,44833,1161,35010,10,547,782545
320,San Joaquin,County,823,40312,6,684,6606,476534,989,45822,884,35894,7,554,782545
321,San Joaquin,County,728,41040,9,693,5056,481590,841,46663,590,36484,5,559,782545
322,San Joaquin,County,356,41396,15,708,1937,483527,387,47050,856,37340,27,586,782545
323,San Joaquin,County,398,41794,13,721,2788,486315,408,47458,928,38268,1,587,782545
324,San Joaquin,County,836,42630,10,731,7669,493984,1007,48465,543,38811,-1,586,782545
325,San Joaquin,County,795,43425,16,747,6319,500303,929,49394,612,39423,6,592,782545
326,San Joaquin,County,753,44178,11,758,5252,505555,852,50246,-3759,35664,10,602,782545
327,San Joaquin,County,524,44702,10,768,3095,508650,580,50826,5660,41324,9,611,782545
328,San Joaquin,County,161,44863,11,779,806,509456,155,50981,765,42089,3,614,782545
329,San Joaquin,County,304,45167,11,790,1637,511093,336,51317,798,42887,4,618,782545
330,San Joaquin,County,386,45553,9,799,2302,513395,382,51699,642,43529,0,618,782545
331,San Joaquin,County,1037,46590,9,808,8041,521436,1176,52875,643,44172,0,618,782545
332,San Joaquin,County,935,47525,11,819,6589,528025,1085,53960,527,44699,4,622,782545
333,San Joaquin,County,915,48440,12,831,5432,533457,1007,54967,-234,44465,12,634,782545
334,San Joaquin,County,687,49127,9,840,3773,537230,685,55652,1299,45764,12,646,782545
335,San Joaquin,County,304,49431,11,851,801,538031,249,55901,876,46640,11,657,782545
336,San Joaquin,County,281,49712,14,865,1601,539632,284,56185,670,47310,5,662,782545
337,San Joaquin,County,364,50076,13,878,2299,541931,369,56554,589,47899,-1,661,782545
338,San Joaquin,County,1101,51177,10,888,8056,549987,1203,57757,745,48644,0,661,782545
339,San Joaquin,County,900,52077,19,907,6489,556476,1001,58758,325,48969,2,663,782545
340,San Joaquin,County,873,52950,20,927,6120,562596,1043,59801,317,49286,10,673,782545
341,San Joaquin,County,761,53711,7,934,6117,568713,907,60708,870,50156,16,689,782545
342,San Joaquin,County,685,54396,9,943,4895,573608,757,61465,834,50990,21,710,782545
343,San Joaquin,County,338,54734,8,951,1666,575274,314,61779,937,51927,14,724,782545
344,San Joaquin,County,346,55080,14,965,2375,577649,335,62114,608,52535,1,725,782545
345,San Joaquin,County,862,55942,11,976,7608,585257,1009,63123,467,53002,0,725,782545
346,San Joaquin,County,612,56554,14,990,6160,591417,745,63868,628,53630,0,725,782545
347,San Joaquin,County,649,57203,11,1001,6069,597486,812,64680,743,54373,13,738,782545
348,San Joaquin,County,625,57828,12,1013,5920,603406,728,65408,685,55058,1,739,782545
349,San Joaquin,County,513,58341,13,1026,4314,607720,540,65948,827,55885,9,748,782545
350,San Joaquin,County,230,58571,11,1037,1401,609121,209,66157,757,56642,28,776,782545
351,San Joaquin,County,241,58812,9,1046,1865,610986,237,66394,452,57094,4,780,782545
352,San Joaquin,County,366,59178,8,1054,5057,616043,452,66846,311,57405,2,782,782545
353,San Joaquin,County,522,59700,9,1063,6754,622797,634,67480,250,57655,0,782,782545
354,San Joaquin,County,382,60082,14,1077,4734,627531,451,67931,370,58025,1,783,782545
355,San Joaquin,County,403,60485,10,1087,5352,632883,467,68398,245,58270,23,806,782545
356,San Joaquin,County,309,60794,10,1097,3550,636433,395,68793,215,58485,6,812,782545
357,San Joaquin,County,182,60976,6,1103,1362,637795,193,68986,-321,58164,24,836,782545
358,San Joaquin,County,122,61098,6,1109,1389,639184,97,69083,857,59021,2,838,782545
359,San Joaquin,County,424,61522,14,1123,6676,645860,523,69606,270,59291,0,838,782545
360,San Joaquin,County,294,61816,7,1130,4757,650617,382,69988,598,59889,9,847,782545
361,San Joaquin,County,254,62070,5,1135,3502,654119,278,70266,242,60131,6,853,782545
362,San Joaquin,County,269,62339,13,1148,4532,658651,334,70600,496,60627,1,854,782545
363,San Joaquin,County,265,62604,7,1155,3801,662452,332,70932,272,60899,4,858,782545
364,San Joaquin,County,148,62752,6,1161,1536,663988,160,71092,221,61120,6,864,782545
365,San Joaquin,County,134,62886,2,1163,1519,665507,93,71185,259,61379,13,877,782545
366,San Joaquin,County,404,63290,11,1174,6701,672208,501,71686,163,61542,0,877,782545
367,San Joaquin,County,204,63494,10,1184,5274,677482,269,71955,166,61708,1,878,782545
368,San Joaquin,County,219,63713,8,1192,4049,681531,318,72273,268,61976,2,880,782545
369,San Joaquin,County,225,63938,6,1198,4751,686282,247,72520,398,62374,3,883,782545
370,San Joaquin,County,226,64164,4,1202,3379,689661,254,72774,191,62565,19,902,782545
371,San Joaquin,County,148,64312,8,1210,1188,690849,160,72934,275,62840,4,906,782545
372,San Joaquin,County,77,64389,3,1213,1104,691953,63,72997,211,63051,23,929,782545
373,San Joaquin,County,271,64660,5,1218,5528,697481,339,73336,97,63148,0,929,782545
374,San Joaquin,County,161,64821,6,1224,4905,702386,191,73527,193,63341,8,937,782545
375,San Joaquin,County,174,64995,8,1232,3818,706204,235,73762,143,63484,17,954,782545
376,San Joaquin,County,141,65136,6,1238,3416,709620,200,73962,235,63719,17,971,782545
377,San Joaquin,County,170,65306,6,1244,2857,712477,202,74164,247,63966,4,975,782545
378,San Joaquin,County,94,65400,5,1249,1100,713577,110,74274,139,64105,2,977,782545
379,San Joaquin,County,68,65468,5,1254,692,714269,48,74322,138,64243,2,979,782545
380,San Joaquin,County,99,65567,5,1259,3238,717507,125,74447,139,64382,0,979,782545
381,San Joaquin,County,165,65732,6,1265,5125,722632,206,74653,66,64448,0,979,782545
382,San Joaquin,County,120,65852,8,1273,4014,726646,156,74809,108,64556,0,979,782545
383,San Joaquin,County,100,65952,5,1278,3700,730346,159,74968,78,64634,3,982,782545
384,San Joaquin,County,85,66037,11,1289,2813,733159,119,75087,140,64774,6,988,782545
385,San Joaquin,County,71,66108,7,1296,1075,734234,74,75161,142,64916,13,1001,782545
386,San Joaquin,County,72,66180,0,1296,935,735169,62,75223,81,64997,0,1001,782545
387,San Joaquin,County,149,66329,3,1299,4956,740125,164,75387,63,65060,0,1001,782545
388,San Joaquin,County,101,66430,2,1301,4073,744198,128,75515,81,65141,3,1004,782545
389,San Joaquin,County,98,66528,3,1304,3585,747783,129,75644,133,65274,15,1019,782545
390,San Joaquin,County,110,66638,1,1305,3173,750956,113,75757,115,65389,28,1047,782545
391,San Joaquin,County,83,66721,2,1307,2373,753329,94,75851,103,65492,23,1070,782545
392,San Joaquin,County,81,66802,9,1316,1143,754472,75,75926,86,65578,30,1100,782545
393,San Joaquin,County,46,66848,1,1317,1099,755571,42,75968,84,65662,-3,1097,782545
394,San Joaquin,County,108,66956,1,1318,4963,760534,122,76090,37,65699,0,1097,782545
395,San Joaquin,County,107,67063,7,1325,3878,764412,128,76218,70,65769,14,1111,782545
396,San Joaquin,County,107,67170,2,1327,3488,767900,115,76333,86,65855,4,1115,782545
397,San Joaquin,County,111,67281,5,1332,3073,770973,133,76466,76,65931,14,1129,782545
398,San Joaquin,County,93,67374,3,1335,2185,773158,108,76574,110,66041,4,1133,782545
399,San Joaquin,County,78,67452,1,1336,1048,774206,73,76647,121,66162,5,1138,782545
400,San Joaquin,County,74,67526,2,1338,1636,775842,45,76692,90,66252,1,1139,782545
401,San Joaquin,County,135,67661,4,1342,4954,780796,176,76868,55,66307,0,1139,782545
402,San Joaquin,County,115,67776,3,1345,4400,785196,153,77021,76,66383,11,1150,782545
403,San Joaquin,County,128,67904,4,1349,3513,788709,123,77144,100,66483,6,1156,782545
404,San Joaquin,County,101,68005,1,1350,3299,792008,148,77292,39,66522,1,1157,782545
405,San Joaquin,County,112,68117,0,1350,2399,794407,105,77397,-40,66482,-13,1144,782545
406,San Joaquin,County,70,68187,0,1350,1020,795427,66,77463,-2,66480,-3,1141,782545
407,San Joaquin,County,56,68243,3,1353,958,796385,46,77509,83,66563,-1,1140,782545
408,San Joaquin,County,128,68371,2,1355,5339,801724,164,77673,59,66622,0,1140,782545
409,San Joaquin,County,104,68475,1,1356,3935,805659,114,77787,234,66856,23,1163,782545
410,San Joaquin,County,102,68577,3,1359,3727,809386,126,77913,237,67093,1,1164,782545
411,San Joaquin,County,82,68659,0,1359,2888,812274,112,78025,208,67301,5,1169,782545
412,San Joaquin,County,100,68759,3,1362,2613,814887,130,78155,214,67515,11,1180,782545
413,San Joaquin,County,70,68829,1,1363,914,815801,67,78222,147,67662,-19,1161,782545
414,San Joaquin,County,41,68870,3,1366,907,816708,37,78259,67,67729,21,1182,782545
415,San Joaquin,County,122,68992,0,1366,5602,822310,166,78425,86,67815,0,1182,782545
416,San Joaquin,County,91,69083,0,1366,3766,826076,97,78522,88,67903,0,1182,782545
417,San Joaquin,County,96,69179,0,1366,4054,830130,115,78637,75,67978,14,1196,782545
418,San Joaquin,County,71,69250,0,1366,3510,833640,97,78734,111,68089,0,1196,782545
419,San Joaquin,County,96,69346,1,1367,2554,836194,126,78860,160,68249,6,1202,782545
420,San Joaquin,County,62,69408,0,1367,918,837112,59,78919,116,68365,9,1211,782545
421,San Joaquin,County,60,69468,1,1368,1156,838268,54,78973,94,68459,0,1211,782545
422,San Joaquin,County,125,69593,2,1370,5702,843970,138,79111,78,68537,0,1211,782545
423,San Joaquin,County,85,69678,3,1373,4192,848162,100,79211,76,68613,21,1232,782545
424,San Joaquin,County,87,69765,0,1373,3534,851696,115,79326,72,68685,27,1259,782545
425,San Joaquin,County,88,69853,1,1374,3516,855212,106,79432,117,68802,3,1262,782545
243,San Luis Obispo,County,25,3792,0,31,1125,124231,33,4146,28,3625,0,31,278862
244,San Luis Obispo,County,27,3819,0,31,895,125126,21,4167,29,3654,0,31,278862
245,San Luis Obispo,County,23,3842,1,32,844,125970,6,4173,16,3670,0,31,278862
246,San Luis Obispo,County,24,3866,0,32,721,126691,10,4183,18,3688,0,31,278862
247,San Luis Obispo,County,25,3891,0,32,2203,128894,36,4219,22,3710,1,32,278862
248,San Luis Obispo,County,26,3917,0,32,1734,130628,27,4246,13,3723,0,32,278862
249,San Luis Obispo,County,35,3952,0,32,1447,132075,43,4289,26,3749,0,32,278862
250,San Luis Obispo,County,30,3982,0,32,1508,133583,44,4333,36,3785,0,32,278862
251,San Luis Obispo,County,16,3998,0,32,1115,134698,12,4345,25,3810,0,32,278862
252,San Luis Obispo,County,19,4017,0,32,299,134997,2,4347,22,3832,0,32,278862
253,San Luis Obispo,County,20,4037,0,32,231,135228,4,4351,42,3874,0,32,278862
254,San Luis Obispo,County,17,4054,0,32,2077,137305,31,4382,0,3874,0,32,278862
255,San Luis Obispo,County,24,4078,0,32,1937,139242,37,4419,18,3892,0,32,278862
256,San Luis Obispo,County,11,4089,0,32,1563,140805,28,4447,9,3901,0,32,278862
257,San Luis Obispo,County,23,4112,0,32,1421,142226,42,4489,33,3934,0,32,278862
258,San Luis Obispo,County,15,4127,0,32,1538,143764,18,4507,18,3952,0,32,278862
259,San Luis Obispo,County,14,4141,0,32,296,144060,17,4524,27,3979,-1,31,278862
260,San Luis Obispo,County,15,4156,0,32,242,144302,2,4526,30,4009,0,31,278862
261,San Luis Obispo,County,31,4187,0,32,1818,146120,23,4549,7,4016,0,31,278862
262,San Luis Obispo,County,16,4203,0,32,1727,147847,23,4572,27,4043,0,31,278862
263,San Luis Obispo,County,18,4221,0,32,1355,149202,15,4587,12,4055,0,31,278862
264,San Luis Obispo,County,14,4235,0,32,1399,150601,66,4653,26,4081,0,31,278862
265,San Luis Obispo,County,16,4251,1,33,1186,151787,19,4672,21,4102,0,31,278862
266,San Luis Obispo,County,26,4277,0,33,309,152096,8,4680,17,4119,0,31,278862
267,San Luis Obispo,County,25,4302,1,34,222,152318,7,4687,7,4126,0,31,278862
268,San Luis Obispo,County,42,4344,0,34,2280,154598,49,4736,7,4133,0,31,278862
269,San Luis Obispo,County,25,4369,0,34,2083,156681,32,4768,15,4148,0,31,278862
270,San Luis Obispo,County,27,4396,0,34,1778,158459,28,4796,49,4197,0,31,278862
271,San Luis Obispo,County,41,4437,0,34,1147,159606,84,4880,26,4223,0,31,278862
272,San Luis Obispo,County,30,4467,0,34,1090,160696,33,4913,33,4256,0,31,278862
273,San Luis Obispo,County,43,4510,0,34,310,161006,29,4942,29,4285,0,31,278862
274,San Luis Obispo,County,69,4579,0,34,841,161847,11,4953,18,4303,0,31,278862
275,San Luis Obispo,County,80,4659,0,34,1586,163433,74,5027,0,4303,0,31,278862
276,San Luis Obispo,County,101,4760,0,34,1661,165094,94,5121,68,4371,1,32,278862
277,San Luis Obispo,County,83,4843,0,34,1415,166509,111,5232,18,4389,0,32,278862
278,San Luis Obispo,County,67,4910,0,34,1694,168203,97,5329,70,4459,0,32,278862
279,San Luis Obispo,County,68,4978,0,34,1472,169675,85,5414,72,4531,0,32,278862
280,San Luis Obispo,County,64,5042,1,35,1050,170725,66,5480,137,4668,0,32,278862
281,San Luis Obispo,County,49,5091,0,35,1151,171876,31,5511,30,4698,0,32,278862
282,San Luis Obispo,County,66,5157,0,35,2237,174113,77,5588,48,4746,0,32,278862
283,San Luis Obispo,County,84,5241,0,35,1744,175857,74,5662,34,4780,1,33,278862
284,San Luis Obispo,County,62,5303,1,36,1053,176910,36,5698,52,4832,0,33,278862
285,San Luis Obispo,County,75,5378,0,36,2220,179130,115,5813,66,4898,0,33,278862
286,San Luis Obispo,County,64,5442,0,36,1998,181128,101,5914,62,4960,1,34,278862
287,San Luis Obispo,County,67,5509,0,36,720,181848,48,5962,113,5073,0,34,278862
288,San Luis Obispo,County,63,5572,0,36,945,182793,13,5975,47,5120,0,34,278862
289,San Luis Obispo,County,123,5695,0,36,2679,185472,122,6097,41,5161,0,34,278862
290,San Luis Obispo,County,104,5799,0,36,2778,188250,117,6214,74,5235,0,34,278862
291,San Luis Obispo,County,95,5894,0,36,2747,190997,108,6322,87,5322,0,34,278862
292,San Luis Obispo,County,75,5969,0,36,2883,193880,106,6428,88,5410,0,34,278862
293,San Luis Obispo,County,76,6045,0,36,2936,196816,108,6536,114,5524,0,34,278862
294,San Luis Obispo,County,54,6099,2,38,888,197704,51,6587,94,5618,0,34,278862
295,San Luis Obispo,County,52,6151,0,38,1316,199020,34,6621,46,5664,0,34,278862
296,San Luis Obispo,County,102,6253,1,39,3030,202050,125,6746,108,5772,0,34,278862
297,San Luis Obispo,County,82,6335,0,39,2157,204207,82,6828,33,5805,0,34,278862
298,San Luis Obispo,County,63,6398,0,39,1320,205527,66,6894,108,5913,0,34,278862
299,San Luis Obispo,County,43,6441,0,39,128,205655,7,6901,51,5964,2,36,278862
300,San Luis Obispo,County,93,6534,2,41,850,206505,77,6978,75,6039,0,36,278862
301,San Luis Obispo,County,83,6617,2,43,811,207316,90,7068,67,6106,0,36,278862
302,San Luis Obispo,County,70,6687,0,43,946,208262,36,7104,39,6145,0,36,278862
303,San Luis Obispo,County,122,6809,1,44,2533,210795,109,7213,79,6224,0,36,278862
304,San Luis Obispo,County,135,6944,1,45,2272,213067,126,7339,40,6264,4,40,278862
305,San Luis Obispo,County,140,7084,0,45,2111,215178,159,7498,60,6324,2,42,278862
306,San Luis Obispo,County,98,7182,2,47,1636,216814,97,7595,64,6388,0,42,278862
307,San Luis Obispo,County,168,7350,0,47,2131,218945,198,7793,85,6473,0,42,278862
308,San Luis Obispo,County,85,7435,1,48,657,219602,59,7852,150,6623,2,44,278862
309,San Luis Obispo,County,67,7502,1,49,852,220454,40,7892,100,6723,1,45,278862
310,San Luis Obispo,County,167,7669,1,50,2793,223247,176,8068,59,6782,0,45,278862
311,San Luis Obispo,County,182,7851,2,52,2477,225724,235,8303,121,6903,0,45,278862
312,San Luis Obispo,County,129,7980,3,55,2470,228194,184,8487,202,7105,2,47,278862
313,San Luis Obispo,County,218,8198,0,55,1983,230177,229,8716,140,7245,2,49,278862
314,San Luis Obispo,County,163,8361,1,56,2090,232267,145,8861,170,7415,0,49,278862
315,San Luis Obispo,County,160,8521,4,60,969,233236,165,9026,47,7462,1,50,278862
316,San Luis Obispo,County,95,8616,4,64,930,234166,45,9071,163,7625,2,52,278862
317,San Luis Obispo,County,192,8808,2,66,3432,237598,238,9309,166,7791,0,52,278862
318,San Luis Obispo,County,247,9055,3,69,2873,240471,287,9596,283,8074,3,55,278862
319,San Luis Obispo,County,109,9164,1,70,2763,243234,161,9757,178,8252,3,58,278862
320,San Luis Obispo,County,195,9359,0,70,2370,245604,254,10011,113,8365,1,59,278862
321,San Luis Obispo,County,120,9479,4,74,2298,247902,150,10161,233,8598,3,62,278862
322,San Luis Obispo,County,99,9578,2,76,769,248671,82,10243,190,8788,1,63,278862
323,San Luis Obispo,County,70,9648,3,79,1009,249680,56,10299,93,8881,0,63,278862
324,San Luis Obispo,County,293,9941,2,81,3106,252786,328,10627,125,9006,1,64,278862
325,San Luis Obispo,County,188,10129,3,84,2327,255113,208,10835,168,9174,5,69,278862
326,San Luis Obispo,County,343,10472,1,85,2566,257679,346,11181,93,9267,5,74,278862
327,San Luis Obispo,County,141,10613,1,86,1160,258839,121,11302,237,9504,3,77,278862
328,San Luis Obispo,County,69,10682,4,90,119,258958,21,11323,245,9749,-1,76,278862
329,San Luis Obispo,County,183,10865,3,93,1242,260200,164,11487,196,9945,0,76,278862
330,San Luis Obispo,County,86,10951,3,96,878,261078,78,11565,209,10154,0,76,278862
331,San Luis Obispo,County,407,11358,4,100,2841,263919,398,11963,106,10260,0,76,278862
332,San Luis Obispo,County,350,11708,1,101,2608,266527,349,12312,127,10387,4,80,278862
333,San Luis Obispo,County,294,12002,3,104,2657,269184,319,12631,155,10542,9,89,278862
334,San Luis Obispo,County,268,12270,7,111,1834,271018,269,12900,304,10846,0,89,278862
335,San Luis Obispo,County,110,12380,3,114,218,271236,35,12935,314,11160,5,94,278862
336,San Luis Obispo,County,222,12602,5,119,2090,273326,233,13168,307,11467,1,95,278862
337,San Luis Obispo,County,134,12736,3,122,2359,275685,80,13248,169,11636,0,95,278862
338,San Luis Obispo,County,469,13205,2,124,4488,280173,538,13786,309,11945,1,96,278862
339,San Luis Obispo,County,489,13694,5,129,4341,284514,566,14352,82,12027,10,106,278862
340,San Luis Obispo,County,400,14094,6,135,4066,288580,440,14792,278,12305,9,115,278862
341,San Luis Obispo,County,392,14486,2,137,3637,292217,430,15222,505,12810,3,118,278862
342,San Luis Obispo,County,239,14725,1,138,3014,295231,242,15464,476,13286,1,119,278862
343,San Luis Obispo,County,133,14858,5,143,1980,297211,130,15594,361,13647,2,121,278862
344,San Luis Obispo,County,123,14981,7,150,2522,299733,69,15663,321,13968,1,122,278862
345,San Luis Obispo,County,328,15309,2,152,5019,304752,377,16040,245,14213,4,126,278862
346,San Luis Obispo,County,370,15679,4,156,3767,308519,409,16449,154,14367,6,132,278862
347,San Luis Obispo,County,246,15925,3,159,4918,313437,296,16745,258,14625,8,140,278862
348,San Luis Obispo,County,153,16078,4,163,4040,317477,187,16932,226,14851,6,146,278862
349,San Luis Obispo,County,159,16237,4,167,3212,320689,189,17121,278,15129,2,148,278862
350,San Luis Obispo,County,134,16371,4,171,1451,322140,105,17226,337,15466,4,152,278862
351,San Luis Obispo,County,100,16471,1,172,657,322797,47,17273,192,15658,5,157,278862
352,San Luis Obispo,County,122,16593,5,177,2527,325324,123,17396,84,15742,1,158,278862
353,San Luis Obispo,County,187,16780,4,181,4343,329667,322,17718,113,15855,3,161,278862
354,San Luis Obispo,County,263,17043,5,186,4281,333948,317,18035,81,15936,3,164,278862
355,San Luis Obispo,County,182,17225,0,186,3400,337348,213,18248,217,16153,5,169,278862
356,San Luis Obispo,County,86,17311,6,192,2562,339910,113,18361,183,16336,3,172,278862
357,San Luis Obispo,County,89,17400,3,195,1320,341230,91,18452,316,16652,4,176,278862
358,San Luis Obispo,County,63,17463,2,197,1086,342316,29,18481,106,16758,3,179,278862
359,San Luis Obispo,County,121,17584,3,200,3536,345852,155,18636,110,16868,0,179,278862
360,San Luis Obispo,County,135,17719,4,204,3400,349252,197,18833,148,17016,7,186,278862
361,San Luis Obispo,County,81,17800,1,205,2473,351725,94,18927,103,17119,2,188,278862
362,San Luis Obispo,County,107,17907,4,209,2564,354289,120,19047,160,17279,1,189,278862
363,San Luis Obispo,County,99,18006,1,210,3002,357291,124,19171,161,17440,4,193,278862
364,San Luis Obispo,County,60,18066,4,214,948,358239,60,19231,82,17522,5,198,278862
365,San Luis Obispo,County,78,18144,3,217,1106,359345,34,19265,93,17615,1,199,278862
366,San Luis Obispo,County,134,18278,3,220,3574,362919,151,19416,75,17690,0,199,278862
367,San Luis Obispo,County,118,18396,1,221,3242,366161,155,19571,121,17811,2,201,278862
368,San Luis Obispo,County,94,18490,2,223,3415,369576,115,19686,111,17922,5,206,278862
369,San Luis Obispo,County,77,18567,1,224,2636,372212,103,19789,136,18058,5,211,278862
370,San Luis Obispo,County,66,18633,1,225,2444,374656,103,19892,94,18152,2,213,278862
371,San Luis Obispo,County,61,18694,0,225,814,375470,47,19939,132,18284,1,214,278862
372,San Luis Obispo,County,42,18736,1,226,1079,376549,23,19962,65,18349,0,214,278862
373,San Luis Obispo,County,72,18808,3,229,3316,379865,83,20045,72,18421,0,214,278862
374,San Luis Obispo,County,57,18865,0,229,2838,382703,93,20138,68,18489,2,216,278862
375,San Luis Obispo,County,59,18924,2,231,2771,385474,77,20215,60,18549,0,216,278862
376,San Luis Obispo,County,79,19003,1,232,2573,388047,101,20316,66,18615,3,219,278862
377,San Luis Obispo,County,65,19068,2,234,2551,390598,92,20408,72,18687,5,224,278862
378,San Luis Obispo,County,41,19109,2,236,872,391470,36,20444,116,18803,1,225,278862
379,San Luis Obispo,County,28,19137,2,238,553,392023,17,20461,65,18868,0,225,278862
380,San Luis Obispo,County,38,19175,1,239,2093,394116,45,20506,23,18891,2,227,278862
381,San Luis Obispo,County,53,19228,0,239,3307,397423,78,20584,34,18925,2,229,278862
382,San Luis Obispo,County,45,19273,0,239,2696,400119,81,20665,39,18964,1,230,278862
383,San Luis Obispo,County,45,19318,0,239,2636,402755,67,20732,23,18987,0,230,278862
384,San Luis Obispo,County,42,19360,0,239,2275,405030,71,20803,74,19061,0,230,278862
385,San Luis Obispo,County,30,19390,0,239,875,405905,43,20846,77,19138,-1,229,278862
386,San Luis Obispo,County,23,19413,1,240,1006,406911,13,20859,40,19178,0,229,278862
387,San Luis Obispo,County,32,19445,1,241,2578,409489,59,20918,20,19198,0,229,278862
388,San Luis Obispo,County,37,19482,2,243,2631,412120,56,20974,35,19233,1,230,278862
389,San Luis Obispo,County,29,19511,0,243,2129,414249,46,21020,76,19309,3,233,278862
390,San Luis Obispo,County,23,19534,1,244,1814,416063,36,21056,26,19335,1,234,278862
391,San Luis Obispo,County,21,19555,1,245,1677,417740,26,21082,24,19359,0,234,278862
392,San Luis Obispo,County,16,19571,0,245,582,418322,12,21094,52,19411,3,237,278862
393,San Luis Obispo,County,21,19592,1,246,743,419065,16,21110,11,19422,0,237,278862
394,San Luis Obispo,County,35,19627,0,246,2386,421451,37,21147,7,19429,2,239,278862
395,San Luis Obispo,County,22,19649,1,247,1971,423422,37,21184,23,19452,2,241,278862
396,San Luis Obispo,County,32,19681,1,248,1892,425314,43,21227,27,19479,0,241,278862
397,San Luis Obispo,County,25,19706,0,248,1738,427052,30,21257,41,19520,2,243,278862
398,San Luis Obispo,County,38,19744,0,248,1372,428424,40,21297,37,19557,1,244,278862
399,San Luis Obispo,County,22,19766,0,248,251,428675,17,21314,35,19592,1,245,278862
400,San Luis Obispo,County,19,19785,0,248,753,429428,10,21324,22,19614,0,245,278862
401,San Luis Obispo,County,38,19823,0,248,2091,431519,54,21378,42,19656,0,245,278862
402,San Luis Obispo,County,40,19863,0,248,1380,432899,44,21422,16,19672,0,245,278862
403,San Luis Obispo,County,18,19881,1,249,1243,434142,21,21443,38,19710,2,247,278862
404,San Luis Obispo,County,24,19905,0,249,1248,435390,38,21481,38,19748,0,247,278862
405,San Luis Obispo,County,25,19930,0,249,1446,436836,30,21511,21,19769,0,247,278862
406,San Luis Obispo,County,14,19944,0,249,309,437145,12,21523,20,19789,0,247,278862
407,San Luis Obispo,County,18,19962,0,249,280,437425,7,21530,17,19806,0,247,278862
408,San Luis Obispo,County,28,19990,0,249,2050,439475,36,21566,7,19813,0,247,278862
409,San Luis Obispo,County,30,20020,0,249,1949,441424,41,21607,19,19832,1,248,278862
410,San Luis Obispo,County,29,20049,0,249,1861,443285,39,21646,26,19858,1,249,278862
411,San Luis Obispo,County,23,20072,1,250,1365,444650,24,21670,36,19894,0,249,278862
412,San Luis Obispo,County,29,20101,0,250,1362,446012,49,21719,19,19913,0,249,278862
413,San Luis Obispo,County,20,20121,0,250,356,446368,16,21735,38,19951,1,250,278862
414,San Luis Obispo,County,16,20137,0,250,273,446641,8,21743,28,19979,0,250,278862
415,San Luis Obispo,County,32,20169,0,250,2261,448902,48,21791,21,20000,0,250,278862
416,San Luis Obispo,County,24,20193,0,250,1814,450716,35,21826,9,20009,0,250,278862
417,San Luis Obispo,County,40,20233,0,250,1818,452534,58,21884,12,20021,0,250,278862
418,San Luis Obispo,County,30,20263,1,251,1675,454209,28,21912,55,20076,0,250,278862
419,San Luis Obispo,County,17,20280,1,252,1959,456168,32,21944,42,20118,0,250,278862
420,San Luis Obispo,County,13,20293,1,253,345,456513,4,21948,35,20153,0,250,278862
421,San Luis Obispo,County,11,20304,0,253,324,456837,3,21951,19,20172,0,250,278862
422,San Luis Obispo,County,35,20339,0,253,2733,459570,39,21990,4,20176,0,250,278862
423,San Luis Obispo,County,35,20374,0,253,2078,461648,35,22025,18,20194,1,251,278862
424,San Luis Obispo,County,20,20394,0,253,1280,462928,28,22053,21,20215,0,251,278862
425,San Luis Obispo,County,21,20415,0,253,1655,464583,40,22093,20,20235,1,252,278862
243,San Mateo,County,42,10473,0,157,2727,307033,57,14953,47,9681,0,128,778001
244,San Mateo,County,45,10518,0,157,2745,309778,53,15006,64,9745,0,128,778001
245,San Mateo,County,41,10559,1,158,1456,311234,44,15050,77,9822,0,128,778001
246,San Mateo,County,26,10585,1,159,893,312127,26,15076,36,9858,0,128,778001
247,San Mateo,County,61,10646,0,159,3463,315590,89,15165,38,9896,0,128,778001
248,San Mateo,County,27,10673,1,160,3721,319311,58,15223,38,9934,1,129,778001
249,San Mateo,County,33,10706,2,162,3333,322644,30,15253,46,9980,1,130,778001
250,San Mateo,County,42,10748,0,162,3369,326013,60,15313,64,10044,0,130,778001
251,San Mateo,County,32,10780,0,162,3251,329264,32,15345,96,10140,0,130,778001
252,San Mateo,County,28,10808,0,162,1605,330869,22,15367,78,10218,0,130,778001
253,San Mateo,County,37,10845,0,162,1043,331912,34,15401,22,10240,0,130,778001
254,San Mateo,County,31,10876,0,162,3311,335223,52,15453,22,10262,0,130,778001
255,San Mateo,County,48,10924,1,163,3909,339132,59,15512,24,10286,0,130,778001
256,San Mateo,County,43,10967,0,163,3547,342679,52,15564,23,10309,2,132,778001
257,San Mateo,County,51,11018,1,164,3949,346628,50,15614,31,10340,20,152,778001
258,San Mateo,County,40,11058,1,165,3735,350363,49,15663,65,10405,1,153,778001
259,San Mateo,County,25,11083,1,166,2147,352510,33,15696,18,10423,0,153,778001
260,San Mateo,County,28,11111,0,166,1035,353545,16,15712,80,10503,1,154,778001
261,San Mateo,County,59,11170,0,166,4179,357724,68,15780,65,10568,0,154,778001
262,San Mateo,County,46,11216,0,166,4667,362391,60,15840,91,10659,1,155,778001
263,San Mateo,County,46,11262,1,167,4361,366752,55,15895,71,10730,0,155,778001
264,San Mateo,County,49,11311,0,167,4136,370888,61,15956,66,10796,0,155,778001
265,San Mateo,County,56,11367,0,167,3595,374483,64,16020,76,10872,0,155,778001
266,San Mateo,County,49,11416,1,168,1690,376173,43,16063,70,10942,0,155,778001
267,San Mateo,County,39,11455,0,168,1078,377251,21,16084,45,10987,1,156,778001
268,San Mateo,County,45,11500,0,168,4128,381379,48,16132,50,11037,0,156,778001
269,San Mateo,County,44,11544,1,169,4761,386140,51,16183,37,11074,0,156,778001
270,San Mateo,County,49,11593,0,169,4561,390701,47,16230,27,11101,1,157,778001
271,San Mateo,County,64,11657,1,170,4722,395423,54,16284,44,11145,0,157,778001
272,San Mateo,County,46,11703,0,170,4801,400224,55,16339,62,11207,2,159,778001
273,San Mateo,County,59,11762,0,170,1592,401816,35,16374,46,11253,1,160,778001
274,San Mateo,County,52,11814,0,170,1152,402968,19,16393,27,11280,0,160,778001
275,San Mateo,County,80,11894,1,171,4646,407614,70,16463,48,11328,1,161,778001
276,San Mateo,County,109,12003,1,172,4820,412434,84,16547,78,11406,1,162,778001
277,San Mateo,County,94,12097,1,173,4924,417358,67,16614,50,11456,6,168,778001
278,San Mateo,County,95,12192,0,173,5497,422855,99,16713,79,11535,0,168,778001
279,San Mateo,County,94,12286,0,173,4981,427836,90,16803,52,11587,0,168,778001
280,San Mateo,County,75,12361,1,174,2171,430007,87,16890,124,11711,1,169,778001
281,San Mateo,County,63,12424,0,174,1301,431308,47,16937,72,11783,0,169,778001
282,San Mateo,County,119,12543,0,174,4546,435854,111,17048,74,11857,0,169,778001
283,San Mateo,County,107,12650,0,174,5321,441175,105,17153,82,11939,0,169,778001
284,San Mateo,County,101,12751,0,174,4874,446049,103,17256,69,12008,0,169,778001
285,San Mateo,County,115,12866,0,174,5854,451903,136,17392,78,12086,0,169,778001
286,San Mateo,County,123,12989,0,174,5178,457081,98,17490,96,12182,0,169,778001
287,San Mateo,County,93,13082,1,175,2438,459519,96,17586,111,12293,0,169,778001
288,San Mateo,County,108,13190,0,175,1270,460789,57,17643,55,12348,0,169,778001
289,San Mateo,County,177,13367,0,175,5297,466086,166,17809,50,12398,0,169,778001
290,San Mateo,County,160,13527,0,175,7498,473584,208,18017,93,12491,0,169,778001
291,San Mateo,County,162,13689,0,175,7252,480836,177,18194,140,12631,0,169,778001
292,San Mateo,County,153,13842,1,176,8021,488857,195,18389,83,12714,0,169,778001
293,San Mateo,County,138,13980,0,176,6826,495683,148,18537,266,12980,0,169,778001
294,San Mateo,County,133,14113,1,177,4302,499985,148,18685,158,13138,1,170,778001
295,San Mateo,County,102,14215,1,178,2141,502126,79,18764,90,13228,0,170,778001
296,San Mateo,County,204,14419,0,178,8737,510863,240,19004,136,13364,0,170,778001
297,San Mateo,County,192,14611,2,180,7783,518646,242,19246,194,13558,0,170,778001
298,San Mateo,County,209,14820,3,183,4733,523379,196,19442,56,13614,0,170,778001
299,San Mateo,County,115,14935,1,184,727,524106,58,19500,101,13715,-1,169,778001
300,San Mateo,County,187,15122,1,185,2922,527028,180,19680,157,13872,0,169,778001
301,San Mateo,County,202,15324,0,185,4197,531225,249,19929,168,14040,0,169,778001
302,San Mateo,County,190,15514,0,185,2386,533611,159,20088,137,14177,0,169,778001
303,San Mateo,County,334,15848,0,185,8305,541916,337,20425,99,14276,1,170,778001
304,San Mateo,County,361,16209,0,185,8934,550850,379,20804,219,14495,0,170,778001
305,San Mateo,County,325,16534,2,187,7870,558720,332,21136,262,14757,0,170,778001
306,San Mateo,County,362,16896,4,191,8289,567009,384,21520,152,14909,3,173,778001
307,San Mateo,County,351,17247,2,193,7531,574540,423,21943,203,15112,0,173,778001
308,San Mateo,County,288,17535,0,193,3954,578494,285,22228,400,15512,2,175,778001
309,San Mateo,County,257,17792,1,194,2714,581208,210,22438,343,15855,0,175,778001
310,San Mateo,County,504,18296,1,195,8236,589444,536,22974,174,16029,0,175,778001
311,San Mateo,County,440,18736,0,195,8263,597707,500,23474,276,16305,0,175,778001
312,San Mateo,County,398,19134,0,195,8532,606239,488,23962,117,16422,0,175,778001
313,San Mateo,County,452,19586,3,198,7942,614181,505,24467,279,16701,2,177,778001
314,San Mateo,County,443,20029,2,200,7696,621877,533,25000,539,17240,0,177,778001
315,San Mateo,County,272,20301,4,204,4153,626030,274,25274,334,17574,0,177,778001
316,San Mateo,County,221,20522,1,205,3038,629068,207,25481,516,18090,0,177,778001
317,San Mateo,County,490,21012,4,209,9386,638454,521,26002,271,18361,1,178,778001
318,San Mateo,County,500,21512,8,217,9977,648431,587,26589,546,18907,0,178,778001
319,San Mateo,County,411,21923,1,218,10242,658673,551,27140,385,19292,1,179,778001
320,San Mateo,County,326,22249,5,223,8964,667637,461,27601,355,19647,2,181,778001
321,San Mateo,County,373,22622,0,223,8730,676367,429,28030,324,19971,1,182,778001
322,San Mateo,County,315,22937,0,223,5525,681892,328,28358,422,20393,0,182,778001
323,San Mateo,County,210,23147,3,226,3932,685824,198,28556,371,20764,3,185,778001
324,San Mateo,County,436,23583,2,228,10751,696575,538,29094,271,21035,0,185,778001
325,San Mateo,County,405,23988,2,230,10114,706689,511,29605,347,21382,1,186,778001
326,San Mateo,County,328,24316,6,236,7313,714002,438,30043,398,21780,0,186,778001
327,San Mateo,County,303,24619,3,239,4160,718162,302,30345,313,22093,0,186,778001
328,San Mateo,County,197,24816,3,242,1732,719894,138,30483,475,22568,1,187,778001
329,San Mateo,County,323,25139,2,244,4175,724069,308,30791,340,22908,0,187,778001
330,San Mateo,County,338,25477,1,245,3736,727805,300,31091,228,23136,0,187,778001
331,San Mateo,County,566,26043,1,246,9412,737217,688,31779,331,23467,2,189,778001
332,San Mateo,County,473,26516,5,251,8441,745658,594,32373,306,23773,0,189,778001
333,San Mateo,County,543,27059,1,252,6655,752313,637,33010,377,24150,1,190,778001
334,San Mateo,County,432,27491,6,258,4850,757163,394,33404,420,24570,2,192,778001
335,San Mateo,County,330,27821,5,263,2002,759165,210,33614,471,25041,2,194,778001
336,San Mateo,County,448,28269,3,266,5410,764575,546,34160,442,25483,2,196,778001
337,San Mateo,County,336,28605,6,272,4122,768697,331,34491,287,25770,0,196,778001
338,San Mateo,County,592,29197,10,282,11133,779830,686,35177,380,26150,2,198,778001
339,San Mateo,County,562,29759,5,287,11308,791138,747,35924,336,26486,0,198,778001
340,San Mateo,County,485,30244,10,297,10465,801603,605,36529,564,27050,2,200,778001
341,San Mateo,County,423,30667,6,303,10242,811845,577,37106,444,27494,1,201,778001
342,San Mateo,County,511,31178,8,311,9766,821611,680,37786,578,28072,3,204,778001
343,San Mateo,County,350,31528,12,323,5253,826864,397,38183,440,28512,1,205,778001
344,San Mateo,County,297,31825,8,331,3917,830781,297,38480,460,28972,1,206,778001
345,San Mateo,County,489,32314,5,336,11596,842377,649,39129,383,29355,0,206,778001
346,San Mateo,County,441,32755,9,345,10684,853061,608,39737,392,29747,0,206,778001
347,San Mateo,County,391,33146,4,349,9778,862839,500,40237,448,30195,1,207,778001
348,San Mateo,County,342,33488,9,358,9586,872425,462,40699,499,30694,1,208,778001
349,San Mateo,County,368,33856,2,360,8681,881106,469,41168,597,31291,0,208,778001
350,San Mateo,County,245,34101,6,366,4857,885963,332,41500,514,31805,0,208,778001
351,San Mateo,County,165,34266,12,378,2969,888932,205,41705,381,32186,0,208,778001
352,San Mateo,County,252,34518,7,385,5583,894515,272,41977,329,32515,0,208,778001
353,San Mateo,County,316,34834,10,395,10955,905470,454,42431,215,32730,0,208,778001
354,San Mateo,County,284,35118,3,398,10145,915615,398,42829,199,32929,2,210,778001
355,San Mateo,County,224,35342,5,403,9004,924619,350,43179,227,33156,0,210,778001
356,San Mateo,County,246,35588,5,408,7597,932216,324,43503,245,33401,1,211,778001
357,San Mateo,County,220,35808,6,414,4227,936443,262,43765,295,33696,2,213,778001
358,San Mateo,County,177,35985,7,421,3250,939693,211,43976,260,33956,0,213,778001
359,San Mateo,County,244,36229,2,423,9505,949198,318,44294,231,34187,0,213,778001
360,San Mateo,County,234,36463,6,429,9189,958387,334,44628,254,34441,0,213,778001
361,San Mateo,County,195,36658,4,433,9411,967798,264,44892,178,34619,3,216,778001
362,San Mateo,County,153,36811,7,440,7100,974898,189,45081,312,34931,2,218,778001
363,San Mateo,County,169,36980,2,442,7855,982753,297,45378,292,35223,0,218,778001
364,San Mateo,County,133,37113,2,444,2752,985505,187,45565,228,35451,1,219,778001
365,San Mateo,County,139,37252,3,447,2652,988157,131,45696,208,35659,0,219,778001
366,San Mateo,County,191,37443,4,451,8878,997035,267,45963,184,35843,1,220,778001
367,San Mateo,County,149,37592,7,458,10004,1007039,214,46177,161,36004,5,225,778001
368,San Mateo,County,164,37756,1,459,9259,1016298,229,46406,223,36227,0,225,778001
369,San Mateo,County,138,37894,4,463,8521,1024819,204,46610,210,36437,1,226,778001
370,San Mateo,County,120,38014,4,467,6658,1031477,207,46817,145,36582,1,227,778001
371,San Mateo,County,85,38099,1,468,3247,1034724,130,46947,242,36824,5,232,778001
372,San Mateo,County,68,38167,5,473,2852,1037576,74,47021,160,36984,0,232,778001
373,San Mateo,County,134,38301,5,478,9039,1046615,175,47196,100,37084,0,232,778001
374,San Mateo,County,109,38410,1,479,8982,1055597,130,47326,143,37227,3,235,778001
375,San Mateo,County,130,38540,3,482,9717,1065314,191,47517,96,37323,10,245,778001
376,San Mateo,County,90,38630,5,487,7417,1072731,142,47659,116,37439,8,253,778001
377,San Mateo,County,90,38720,0,487,6075,1078806,144,47803,121,37560,1,254,778001
378,San Mateo,County,72,38792,3,490,2845,1081651,94,47897,185,37745,23,277,778001
379,San Mateo,County,53,38845,1,491,2439,1084090,69,47966,114,37859,0,277,778001
380,San Mateo,County,84,38929,0,491,4612,1088702,89,48055,110,37969,0,277,778001
381,San Mateo,County,77,39006,0,491,8857,1097559,110,48165,72,38041,0,277,778001
382,San Mateo,County,59,39065,2,493,7509,1105068,87,48252,83,38124,5,282,778001
383,San Mateo,County,65,39130,2,495,6423,1111491,103,48355,61,38185,0,282,778001
384,San Mateo,County,62,39192,1,496,5649,1117140,99,48454,71,38256,0,282,778001
385,San Mateo,County,58,39250,3,499,2949,1120089,83,48537,115,38371,0,282,778001
386,San Mateo,County,44,39294,0,499,2798,1122887,59,48596,77,38448,0,282,778001
387,San Mateo,County,61,39355,1,500,8501,1131388,87,48683,94,38542,0,282,778001
388,San Mateo,County,57,39412,2,502,9110,1140498,92,48775,120,38662,17,299,778001
389,San Mateo,County,61,39473,1,503,10299,1150797,79,48854,101,38763,1,300,778001
390,San Mateo,County,37,39510,0,503,7519,1158316,76,48930,109,38872,0,300,778001
391,San Mateo,County,46,39556,0,503,5835,1164151,67,48997,50,38922,13,313,778001
392,San Mateo,County,46,39602,3,506,2559,1166710,66,49063,76,38998,0,313,778001
393,San Mateo,County,41,39643,2,508,2243,1168953,49,49112,61,39059,1,314,778001
394,San Mateo,County,53,39696,1,509,8305,1177258,69,49181,37,39096,0,314,778001
395,San Mateo,County,52,39748,2,511,8683,1185941,81,49262,52,39148,3,317,778001
396,San Mateo,County,52,39800,0,511,9090,1195031,80,49342,41,39189,2,319,778001
397,San Mateo,County,46,39846,0,511,7353,1202384,66,49408,36,39225,3,322,778001
398,San Mateo,County,44,39890,0,511,5640,1208024,62,49470,80,39305,4,326,778001
399,San Mateo,County,32,39922,2,513,2672,1210696,56,49526,79,39384,3,329,778001
400,San Mateo,County,24,39946,1,514,2157,1212853,34,49560,52,39436,0,329,778001
401,San Mateo,County,40,39986,0,514,8270,1221123,58,49618,56,39492,6,335,778001
402,San Mateo,County,49,40035,0,514,8543,1229666,74,49692,43,39535,1,336,778001
403,San Mateo,County,47,40082,0,514,9678,1239344,61,49753,36,39571,2,338,778001
404,San Mateo,County,24,40106,0,514,7257,1246601,42,49795,19,39590,3,341,778001
405,San Mateo,County,37,40143,1,515,5181,1251782,69,49864,48,39638,0,341,778001
406,San Mateo,County,36,40179,0,515,2585,1254367,45,49909,51,39689,0,341,778001
407,San Mateo,County,27,40206,0,515,2066,1256433,18,49927,55,39744,1,342,778001
408,San Mateo,County,39,40245,1,516,7819,1264252,55,49982,21,39765,2,344,778001
409,San Mateo,County,53,40298,2,518,8377,1272629,66,50048,41,39806,0,344,778001
410,San Mateo,County,34,40332,1,519,9223,1281852,55,50103,32,39838,0,344,778001
411,San Mateo,County,30,40362,0,519,6704,1288556,65,50168,36,39874,0,344,778001
412,San Mateo,County,41,40403,1,520,5545,1294101,55,50223,19,39893,0,344,778001
413,San Mateo,County,24,40427,1,521,2952,1297053,38,50261,65,39958,0,344,778001
414,San Mateo,County,34,40461,2,523,1906,1298959,16,50277,30,39988,0,344,778001
415,San Mateo,County,45,40506,0,523,8393,1307352,60,50337,36,40024,4,348,778001
416,San Mateo,County,50,40556,0,523,8697,1316049,71,50408,8,40032,0,348,778001
417,San Mateo,County,57,40613,0,523,10250,1326299,67,50475,51,40083,0,348,778001
418,San Mateo,County,50,40663,0,523,8627,1334926,57,50532,64,40147,0,348,778001
419,San Mateo,County,40,40703,1,524,5967,1340893,59,50591,52,40199,0,348,778001
420,San Mateo,County,35,40738,0,524,2856,1343749,39,50630,65,40264,0,348,778001
421,San Mateo,County,23,40761,0,524,1854,1345603,17,50647,41,40305,0,348,778001
422,San Mateo,County,45,40806,0,524,7453,1353056,54,50701,52,40357,0,348,778001
423,San Mateo,County,42,40848,0,524,7663,1360719,69,50770,20,40377,1,349,778001
424,San Mateo,County,45,40893,1,525,7784,1368503,46,50816,46,40423,1,350,778001
425,San Mateo,County,30,40923,0,525,6607,1375110,47,50863,31,40454,0,350,778001
243,Santa Barbara,County,25,9744,0,118,1610,164958,15,10732,29,9215,3,118,456373
244,Santa Barbara,County,42,9786,1,119,1357,166315,57,10789,19,9234,-2,116,456373
245,Santa Barbara,County,22,9808,0,119,724,167039,28,10817,22,9256,0,116,456373
246,Santa Barbara,County,13,9821,0,119,597,167636,12,10829,20,9276,0,116,456373
247,Santa Barbara,County,26,9847,0,119,1978,169614,24,10853,33,9309,0,116,456373
248,Santa Barbara,County,22,9869,0,119,1897,171511,28,10881,22,9331,0,116,456373
249,Santa Barbara,County,29,9898,0,119,1622,173133,36,10917,19,9350,0,116,456373
250,Santa Barbara,County,28,9926,1,120,1693,174826,24,10941,24,9374,0,116,456373
251,Santa Barbara,County,30,9956,0,120,1488,176314,44,10985,22,9396,0,116,456373
252,Santa Barbara,County,28,9984,0,120,737,177051,23,11008,21,9417,0,116,456373
253,Santa Barbara,County,11,9995,0,120,641,177692,12,11020,23,9440,1,117,456373
254,Santa Barbara,County,30,10025,1,121,1595,179287,29,11049,22,9462,0,117,456373
255,Santa Barbara,County,37,10062,0,121,1877,181164,26,11075,27,9489,0,117,456373
256,Santa Barbara,County,31,10093,2,123,1583,182747,27,11102,20,9509,0,117,456373
257,Santa Barbara,County,35,10128,2,125,1706,184453,44,11146,17,9526,0,117,456373
258,Santa Barbara,County,24,10152,1,126,1857,186310,44,11190,23,9549,2,119,456373
259,Santa Barbara,County,18,10170,0,126,645,186955,15,11205,39,9588,2,121,456373
260,Santa Barbara,County,19,10189,0,126,606,187561,17,11222,20,9608,0,121,456373
261,Santa Barbara,County,39,10228,0,126,2020,189581,39,11261,24,9632,0,121,456373
262,Santa Barbara,County,35,10263,0,126,1738,191319,29,11290,32,9664,0,121,456373
263,Santa Barbara,County,29,10292,1,127,1434,192753,33,11323,17,9681,0,121,456373
264,Santa Barbara,County,18,10310,0,127,1596,194349,18,11341,29,9710,-1,120,456373
265,Santa Barbara,County,34,10344,1,128,1472,195821,40,11381,41,9751,1,121,456373
266,Santa Barbara,County,16,10360,0,128,714,196535,27,11408,30,9781,1,122,456373
267,Santa Barbara,County,17,10377,0,128,586,197121,20,11428,33,9814,0,122,456373
268,Santa Barbara,County,20,10397,1,129,1911,199032,34,11462,13,9827,0,122,456373
269,Santa Barbara,County,23,10420,0,129,2088,201120,27,11489,47,9874,3,125,456373
270,Santa Barbara,County,29,10449,0,129,1643,202763,26,11515,-2,9872,2,127,456373
271,Santa Barbara,County,24,10473,1,130,1655,204418,24,11539,30,9902,1,128,456373
272,Santa Barbara,County,33,10506,1,131,1527,205945,39,11578,35,9937,0,128,456373
273,Santa Barbara,County,23,10529,0,131,689,206634,14,11592,20,9957,2,130,456373
274,Santa Barbara,County,28,10557,0,131,701,207335,18,11610,12,9969,0,130,456373
275,Santa Barbara,County,51,10608,0,131,2656,209991,34,11644,16,9985,0,130,456373
276,Santa Barbara,County,41,10649,0,131,2327,212318,28,11672,23,10008,2,132,456373
277,Santa Barbara,County,54,10703,0,131,2110,214428,52,11724,18,10026,0,132,456373
278,Santa Barbara,County,38,10741,0,131,2049,216477,58,11782,54,10080,1,133,456373
279,Santa Barbara,County,45,10786,0,131,1634,218111,47,11829,38,10118,0,133,456373
280,Santa Barbara,County,36,10822,2,133,698,218809,27,11856,39,10157,1,134,456373
281,Santa Barbara,County,42,10864,0,133,787,219596,30,11886,23,10180,0,134,456373
282,Santa Barbara,County,70,10934,0,133,2383,221979,67,11953,34,10214,0,134,456373
283,Santa Barbara,County,57,10991,0,133,2579,224558,50,12003,38,10252,0,134,456373
284,Santa Barbara,County,67,11058,0,133,1606,226164,63,12066,26,10278,0,134,456373
285,Santa Barbara,County,65,11123,0,133,2419,228583,64,12130,47,10325,0,134,456373
286,Santa Barbara,County,62,11185,0,133,1930,230513,57,12187,80,10405,0,134,456373
287,Santa Barbara,County,52,11237,0,133,965,231478,51,12238,77,10482,1,135,456373
288,Santa Barbara,County,54,11291,0,133,926,232404,39,12277,34,10516,0,135,456373
289,Santa Barbara,County,95,11386,1,134,2734,235138,98,12375,49,10565,0,135,456373
290,Santa Barbara,County,64,11450,0,134,3106,238244,69,12444,32,10597,1,136,456373
291,Santa Barbara,County,87,11537,1,135,2332,240576,100,12544,87,10684,0,136,456373
292,Santa Barbara,County,79,11616,0,135,2517,243093,95,12639,57,10741,0,136,456373
293,Santa Barbara,County,80,11696,0,135,2507,245600,105,12744,84,10825,0,136,456373
294,Santa Barbara,County,57,11753,1,136,1054,246654,59,12803,97,10922,1,137,456373
295,Santa Barbara,County,51,11804,1,137,1021,247675,44,12847,24,10946,0,137,456373
296,Santa Barbara,County,135,11939,0,137,3188,250863,141,12988,-2,10944,0,137,456373
297,Santa Barbara,County,108,12047,0,137,2910,253773,115,13103,210,11154,1,138,456373
298,Santa Barbara,County,106,12153,0,137,1996,255769,101,13204,29,11183,0,138,456373
299,Santa Barbara,County,50,12203,0,137,349,256118,18,13222,94,11277,1,139,456373
300,Santa Barbara,County,81,12284,0,137,1134,257252,48,13270,63,11340,1,140,456373
301,Santa Barbara,County,93,12377,0,137,870,258122,63,13333,141,11481,0,140,456373
302,Santa Barbara,County,102,12479,1,138,978,259100,63,13396,39,11520,0,140,456373
303,Santa Barbara,County,154,12633,0,138,3291,262391,186,13582,52,11572,0,140,456373
304,Santa Barbara,County,178,12811,0,138,3591,265982,190,13772,39,11611,0,140,456373
305,Santa Barbara,County,140,12951,1,139,2911,268893,161,13933,94,11705,0,140,456373
306,Santa Barbara,County,151,13102,0,139,2685,271578,187,14120,124,11829,1,141,456373
307,Santa Barbara,County,128,13230,1,140,2369,273947,137,14257,118,11947,0,141,456373
308,Santa Barbara,County,106,13336,0,140,998,274945,99,14356,160,12107,0,141,456373
309,Santa Barbara,County,100,13436,1,141,950,275895,83,14439,145,12252,0,141,456373
310,Santa Barbara,County,230,13666,1,142,3418,279313,258,14697,110,12362,0,141,456373
311,Santa Barbara,County,241,13907,1,143,3603,282916,251,14948,154,12516,0,141,456373
312,Santa Barbara,County,184,14091,0,143,2731,285647,206,15154,114,12630,1,142,456373
313,Santa Barbara,County,201,14292,2,145,2849,288496,218,15372,158,12788,1,143,456373
314,Santa Barbara,County,176,14468,0,145,2470,290966,215,15587,209,12997,1,144,456373
315,Santa Barbara,County,142,14610,0,145,1159,292125,133,15720,177,13174,0,144,456373
316,Santa Barbara,County,152,14762,0,145,1163,293288,133,15853,75,13249,0,144,456373
317,Santa Barbara,County,264,15026,2,147,3737,297025,330,16183,338,13587,0,144,456373
318,Santa Barbara,County,269,15295,1,148,3966,300991,296,16479,195,13782,0,144,456373
319,Santa Barbara,County,220,15515,2,150,2733,303724,252,16731,184,13966,0,144,456373
320,Santa Barbara,County,242,15757,1,151,2930,306654,293,17024,241,14207,3,147,456373
321,Santa Barbara,County,233,15990,2,153,2872,309526,261,17285,154,14361,1,148,456373
322,Santa Barbara,County,140,16130,0,153,1115,310641,135,17420,306,14667,0,148,456373
323,Santa Barbara,County,155,16285,1,154,1239,311880,104,17524,150,14817,0,148,456373
324,Santa Barbara,County,315,16600,0,154,4016,315896,385,17909,171,14988,1,149,456373
325,Santa Barbara,County,271,16871,0,154,3460,319356,311,18220,201,15189,1,150,456373
326,Santa Barbara,County,261,17132,1,155,2448,321804,284,18504,210,15399,2,152,456373
327,Santa Barbara,County,207,17339,0,155,1396,323200,203,18707,245,15644,1,153,456373
328,Santa Barbara,County,104,17443,3,158,224,323424,42,18749,292,15936,2,155,456373
329,Santa Barbara,County,224,17667,1,159,1232,324656,229,18978,223,16159,0,155,456373
330,Santa Barbara,County,237,17904,5,164,1144,325800,191,19169,205,16364,0,155,456373
331,Santa Barbara,County,518,18422,6,170,3297,329097,502,19671,215,16579,0,155,456373
332,Santa Barbara,County,458,18880,4,174,3284,332381,489,20160,218,16797,0,155,456373
333,Santa Barbara,County,462,19342,4,178,3136,335517,534,20694,98,16895,6,161,456373
334,Santa Barbara,County,391,19733,5,183,2701,338218,425,21119,539,17434,0,161,456373
335,Santa Barbara,County,242,19975,1,184,434,338652,93,21212,325,17759,3,164,456373
336,Santa Barbara,County,319,20294,6,190,1564,340216,336,21548,376,18135,0,164,456373
337,Santa Barbara,County,285,20579,5,195,1352,341568,231,21779,132,18267,0,164,456373
338,Santa Barbara,County,717,21296,8,203,5303,346871,783,22562,468,18735,1,165,456373
339,Santa Barbara,County,516,21812,6,209,4151,351022,670,23232,328,19063,7,172,456373
340,Santa Barbara,County,433,22245,2,211,3545,354567,476,23708,390,19453,5,177,456373
341,Santa Barbara,County,480,22725,5,216,3389,357956,608,24316,478,19931,10,187,456373
342,Santa Barbara,County,418,23143,4,220,3388,361344,486,24802,530,20461,2,189,456373
343,Santa Barbara,County,278,23421,3,223,1733,363077,351,25153,510,20971,8,197,456373
344,Santa Barbara,County,208,23629,12,235,1431,364508,243,25396,319,21290,3,200,456373
345,Santa Barbara,County,542,24171,8,243,6458,370966,672,26068,450,21740,0,200,456373
346,Santa Barbara,County,437,24608,2,245,4105,375071,522,26590,442,22182,9,209,456373
347,Santa Barbara,County,409,25017,8,253,4099,379170,484,27074,532,22714,7,216,456373
348,Santa Barbara,County,430,25447,5,258,4017,383187,568,27642,412,23126,3,219,456373
349,Santa Barbara,County,407,25854,9,267,4493,387680,523,28165,361,23487,7,226,456373
350,Santa Barbara,County,275,26129,4,271,1655,389335,298,28463,601,24088,3,229,456373
351,Santa Barbara,County,194,26323,4,275,1219,390554,192,28655,313,24401,6,235,456373
352,Santa Barbara,County,447,26770,11,286,4034,394588,516,29171,237,24638,0,235,456373
353,Santa Barbara,County,373,27143,3,289,5614,400202,493,29664,353,24991,1,236,456373
354,Santa Barbara,County,380,27523,5,294,4441,404643,458,30122,321,25312,12,248,456373
355,Santa Barbara,County,314,27837,4,298,3958,408601,435,30557,342,25654,5,253,456373
356,Santa Barbara,County,283,28120,5,303,3456,412057,402,30959,335,25989,3,256,456373
357,Santa Barbara,County,200,28320,3,306,1328,413385,232,31191,245,26234,8,264,456373
358,Santa Barbara,County,181,28501,4,310,1290,414675,159,31350,501,26735,5,269,456373
359,Santa Barbara,County,312,28813,7,317,3757,418432,440,31790,330,27065,0,269,456373
360,Santa Barbara,County,230,29043,5,322,3863,422295,359,32149,256,27321,4,273,456373
361,Santa Barbara,County,172,29215,3,325,2733,425028,195,32344,114,27435,9,282,456373
362,Santa Barbara,County,174,29389,7,332,2535,427563,215,32559,239,27674,2,284,456373
363,Santa Barbara,County,219,29608,4,336,3243,430806,350,32909,431,28105,7,291,456373
364,Santa Barbara,County,130,29738,11,347,1300,432106,186,33095,237,28342,5,296,456373
365,Santa Barbara,County,141,29879,4,351,1119,433225,133,33228,228,28570,1,297,456373
366,Santa Barbara,County,239,30118,5,356,4306,437531,344,33572,267,28837,0,297,456373
367,Santa Barbara,County,169,30287,5,361,3478,441009,239,33811,114,28951,7,304,456373
368,Santa Barbara,County,169,30456,6,367,3171,444180,224,34035,170,29121,11,315,456373
369,Santa Barbara,County,146,30602,3,370,2381,446561,187,34222,223,29344,7,322,456373
370,Santa Barbara,County,132,30734,6,376,2427,448988,238,34460,111,29455,12,334,456373
371,Santa Barbara,County,93,30827,5,381,1050,450038,117,34577,190,29645,3,337,456373
372,Santa Barbara,County,75,30902,2,383,982,451020,89,34666,170,29815,3,340,456373
373,Santa Barbara,County,136,31038,1,384,3933,454953,203,34869,163,29978,0,340,456373
374,Santa Barbara,County,113,31151,6,390,3431,458384,147,35016,140,30118,11,351,456373
375,Santa Barbara,County,110,31261,5,395,2671,461055,143,35159,98,30216,8,359,456373
376,Santa Barbara,County,89,31350,0,395,2522,463577,146,35305,159,30375,11,370,456373
377,Santa Barbara,County,93,31443,5,400,2238,465815,184,35489,79,30454,2,372,456373
378,Santa Barbara,County,71,31514,2,402,988,466803,82,35571,140,30594,2,374,456373
379,Santa Barbara,County,51,31565,3,405,832,467635,64,35635,150,30744,3,377,456373
380,Santa Barbara,County,92,31657,1,406,1938,469573,118,35753,66,30810,1,378,456373
381,Santa Barbara,County,101,31758,3,409,3449,473022,137,35890,55,30865,0,378,456373
382,Santa Barbara,County,73,31831,2,411,2910,475932,125,36015,62,30927,6,384,456373
383,Santa Barbara,County,67,31898,3,414,2610,478542,108,36123,127,31054,3,387,456373
384,Santa Barbara,County,79,31977,2,416,1985,480527,133,36256,150,31204,5,392,456373
385,Santa Barbara,County,64,32041,0,416,869,481396,85,36341,85,31289,4,396,456373
386,Santa Barbara,County,34,32075,3,419,811,482207,33,36374,85,31374,3,399,456373
387,Santa Barbara,County,62,32137,1,420,2681,484888,97,36471,47,31421,0,399,456373
388,Santa Barbara,County,65,32202,0,420,3108,487996,102,36573,62,31483,3,402,456373
389,Santa Barbara,County,53,32255,1,421,2805,490801,78,36651,80,31563,3,405,456373
390,Santa Barbara,County,51,32306,2,423,2082,492883,61,36712,68,31631,3,408,456373
391,Santa Barbara,County,76,32382,2,425,1809,494692,103,36815,93,31724,2,410,456373
392,Santa Barbara,County,43,32425,1,426,751,495443,46,36861,81,31805,1,411,456373
393,Santa Barbara,County,34,32459,0,426,815,496258,46,36907,72,31877,2,413,456373
394,Santa Barbara,County,52,32511,1,427,3090,499348,87,36994,32,31909,0,413,456373
395,Santa Barbara,County,42,32553,0,427,2234,501582,62,37056,55,31964,3,416,456373
396,Santa Barbara,County,48,32601,2,429,2412,503994,69,37125,63,32027,5,421,456373
397,Santa Barbara,County,37,32638,2,431,1709,505703,42,37167,63,32090,2,423,456373
398,Santa Barbara,County,37,32675,1,432,1561,507264,66,37233,49,32139,1,424,456373
399,Santa Barbara,County,35,32710,0,432,782,508046,31,37264,37,32176,0,424,456373
400,Santa Barbara,County,31,32741,1,433,830,508876,25,37289,42,32218,1,425,456373
401,Santa Barbara,County,47,32788,0,433,2771,511647,60,37349,75,32293,2,427,456373
402,Santa Barbara,County,32,32820,0,433,2652,514299,56,37405,21,32314,1,428,456373
403,Santa Barbara,County,41,32861,2,435,2768,517067,46,37451,42,32356,1,429,456373
404,Santa Barbara,County,27,32888,0,435,1876,518943,32,37483,52,32408,1,430,456373
405,Santa Barbara,County,27,32915,0,435,1716,520659,39,37522,49,32457,-1,429,456373
406,Santa Barbara,County,23,32938,0,435,724,521383,29,37551,29,32486,2,431,456373
407,Santa Barbara,County,25,32963,0,435,815,522198,31,37582,28,32514,0,431,456373
408,Santa Barbara,County,44,33007,0,435,2509,524707,53,37635,15,32529,0,431,456373
409,Santa Barbara,County,22,33029,1,436,2679,527386,57,37692,27,32556,2,433,456373
410,Santa Barbara,County,32,33061,2,438,3275,530661,38,37730,29,32585,0,433,456373
411,Santa Barbara,County,20,33081,1,439,2077,532738,38,37768,55,32640,1,434,456373
412,Santa Barbara,County,42,33123,0,439,1672,534410,38,37806,45,32685,1,435,456373
413,Santa Barbara,County,29,33152,1,440,618,535028,19,37825,38,32723,-1,434,456373
414,Santa Barbara,County,24,33176,0,440,702,535730,27,37852,20,32743,3,437,456373
415,Santa Barbara,County,39,33215,0,440,2297,538027,59,37911,13,32756,0,437,456373
416,Santa Barbara,County,45,33260,1,441,2511,540538,55,37966,15,32771,1,438,456373
417,Santa Barbara,County,38,33298,0,441,2189,542727,51,38017,39,32810,0,438,456373
418,Santa Barbara,County,27,33325,0,441,1434,544161,33,38050,47,32857,1,439,456373
419,Santa Barbara,County,27,33352,1,442,1394,545555,37,38087,38,32895,0,439,456373
420,Santa Barbara,County,30,33382,1,443,714,546269,29,38116,26,32921,0,439,456373
421,Santa Barbara,County,23,33405,0,443,744,547013,34,38150,32,32953,0,439,456373
422,Santa Barbara,County,39,33444,1,444,3733,550746,57,38207,30,32983,0,439,456373
423,Santa Barbara,County,34,33478,0,444,3729,554475,49,38256,33,33016,2,441,456373
424,Santa Barbara,County,25,33503,1,445,3260,557735,37,38293,36,33052,2,443,456373
425,Santa Barbara,County,31,33534,0,445,1968,559703,35,38328,44,33096,0,443,456373
243,Santa Clara,County,105,22480,0,322,8610,878082,148,26569,80,21398,3,305,1967585
244,Santa Clara,County,101,22581,2,324,9343,887425,144,26713,147,21545,0,305,1967585
245,Santa Clara,County,81,22662,2,326,4576,892001,86,26799,127,21672,4,309,1967585
246,Santa Clara,County,80,22742,3,329,2604,894605,56,26855,108,21780,7,316,1967585
247,Santa Clara,County,136,22878,2,331,10002,904607,97,26952,81,21861,3,319,1967585
248,Santa Clara,County,115,22993,1,332,12572,917179,168,27120,53,21914,1,320,1967585
249,Santa Clara,County,95,23088,0,332,11974,929153,158,27278,79,21993,0,320,1967585
250,Santa Clara,County,127,23215,5,337,10406,939559,144,27422,102,22095,3,323,1967585
251,Santa Clara,County,102,23317,1,338,9650,949209,139,27561,156,22251,5,328,1967585
252,Santa Clara,County,102,23419,0,338,4528,953737,102,27663,103,22354,2,330,1967585
253,Santa Clara,County,92,23511,3,341,2688,956425,50,27713,133,22487,6,336,1967585
254,Santa Clara,County,143,23654,2,343,9243,965668,140,27853,91,22578,7,343,1967585
255,Santa Clara,County,115,23769,0,343,12959,978627,171,28024,100,22678,0,343,1967585
256,Santa Clara,County,126,23895,1,344,12835,991462,148,28172,57,22735,0,343,1967585
257,Santa Clara,County,148,24043,2,346,11933,1003395,184,28356,73,22808,0,343,1967585
258,Santa Clara,County,117,24160,0,346,10958,1014353,126,28482,112,22920,2,345,1967585
259,Santa Clara,County,86,24246,0,346,5107,1019460,93,28575,77,22997,4,349,1967585
260,Santa Clara,County,89,24335,2,348,2803,1022263,50,28625,172,23169,3,352,1967585
261,Santa Clara,County,174,24509,2,350,11754,1034017,141,28766,132,23301,0,352,1967585
262,Santa Clara,County,151,24660,0,350,13780,1047797,234,29000,105,23406,6,358,1967585
263,Santa Clara,County,137,24797,4,354,12785,1060582,173,29173,131,23537,3,361,1967585
264,Santa Clara,County,125,24922,2,356,11683,1072265,151,29324,84,23621,2,363,1967585
265,Santa Clara,County,155,25077,4,360,11289,1083554,169,29493,201,23822,1,364,1967585
266,Santa Clara,County,102,25179,2,362,4816,1088370,70,29563,156,23978,1,365,1967585
267,Santa Clara,County,87,25266,1,363,2582,1090952,63,29626,109,24087,0,365,1967585
268,Santa Clara,County,187,25453,1,364,12657,1103609,160,29786,171,24258,0,365,1967585
269,Santa Clara,County,190,25643,2,366,14469,1118078,223,30009,110,24368,2,367,1967585
270,Santa Clara,County,142,25785,0,366,14395,1132473,181,30190,135,24503,8,375,1967585
271,Santa Clara,County,144,25929,1,367,12945,1145418,155,30345,111,24614,2,377,1967585
272,Santa Clara,County,152,26081,2,369,10923,1156341,158,30503,197,24811,1,378,1967585
273,Santa Clara,County,149,26230,1,370,4492,1160833,109,30612,146,24957,1,379,1967585
274,Santa Clara,County,168,26398,4,374,2538,1163371,50,30662,133,25090,7,386,1967585
275,Santa Clara,County,277,26675,4,378,11923,1175294,191,30853,132,25222,1,387,1967585
276,Santa Clara,County,289,26964,1,379,14104,1189398,276,31129,164,25386,6,393,1967585
277,Santa Clara,County,275,27239,6,385,14528,1203926,313,31442,101,25487,0,393,1967585
278,Santa Clara,County,263,27502,1,386,12615,1216541,277,31719,164,25651,9,402,1967585
279,Santa Clara,County,268,27770,1,387,12284,1228825,265,31984,180,25831,0,402,1967585
280,Santa Clara,County,243,28013,1,388,5222,1234047,227,32211,413,26244,8,410,1967585
281,Santa Clara,County,205,28218,3,391,3129,1237176,84,32295,198,26442,0,410,1967585
282,Santa Clara,County,374,28592,1,392,13082,1250258,287,32582,251,26693,-1,409,1967585
283,Santa Clara,County,395,28987,1,393,17221,1267479,464,33046,224,26917,0,409,1967585
284,Santa Clara,County,341,29328,2,395,13335,1280814,383,33429,158,27075,4,413,1967585
285,Santa Clara,County,354,29682,1,396,15336,1296150,479,33908,186,27261,1,414,1967585
286,Santa Clara,County,375,30057,1,397,14331,1310481,419,34327,348,27609,1,415,1967585
287,Santa Clara,County,327,30384,1,398,7118,1317599,309,34636,353,27962,1,416,1967585
288,Santa Clara,County,285,30669,4,402,3823,1321422,130,34766,327,28289,2,418,1967585
289,Santa Clara,County,454,31123,2,404,14499,1335921,322,35088,384,28673,1,419,1967585
290,Santa Clara,County,567,31690,7,411,19310,1355231,599,35687,340,29013,0,419,1967585
291,Santa Clara,County,548,32238,1,412,18472,1373703,614,36301,272,29285,2,421,1967585
292,Santa Clara,County,465,32703,4,416,19236,1392939,519,36820,345,29630,3,424,1967585
293,Santa Clara,County,559,33262,1,417,19095,1412034,558,37378,372,30002,7,431,1967585
294,Santa Clara,County,421,33683,3,420,8922,1420956,375,37753,375,30377,2,433,1967585
295,Santa Clara,County,383,34066,2,422,5805,1426761,274,38027,256,30633,1,434,1967585
296,Santa Clara,County,677,34743,1,423,20578,1447339,669,38696,431,31064,1,435,1967585
297,Santa Clara,County,650,35393,5,428,18191,1465530,699,39395,500,31564,3,438,1967585
298,Santa Clara,County,787,36180,3,431,17645,1483175,884,40279,468,32032,4,442,1967585
299,Santa Clara,County,448,36628,3,434,2372,1485547,185,40464,379,32411,4,446,1967585
300,Santa Clara,County,641,37269,2,436,10495,1496042,615,41079,524,32935,3,449,1967585
301,Santa Clara,County,675,37944,5,441,8478,1504520,616,41695,766,33701,0,449,1967585
302,Santa Clara,County,746,38690,4,445,7550,1512070,568,42263,533,34234,2,451,1967585
303,Santa Clara,County,1206,39896,3,448,19471,1531541,993,43256,785,35019,0,451,1967585
304,Santa Clara,County,1207,41103,5,453,21463,1553004,1386,44642,378,35397,1,452,1967585
305,Santa Clara,County,1256,42359,7,460,21803,1574807,1403,46045,481,35878,6,458,1967585
306,Santa Clara,County,1116,43475,10,470,20564,1595371,1310,47355,743,36621,7,465,1967585
307,Santa Clara,County,1196,44671,4,474,19659,1615030,1285,48640,844,37465,3,468,1967585
308,Santa Clara,County,918,45589,5,479,8973,1624003,889,49529,874,38339,6,474,1967585
309,Santa Clara,County,735,46324,8,487,5937,1629940,562,50091,773,39112,8,482,1967585
310,Santa Clara,County,1374,47698,11,498,21425,1651365,1319,51410,1509,40621,2,484,1967585
311,Santa Clara,County,1382,49080,6,504,21681,1673046,1623,53033,688,41309,0,484,1967585
312,Santa Clara,County,1306,50386,8,512,22727,1695773,1679,54712,1603,42912,5,489,1967585
313,Santa Clara,County,1144,51530,9,521,20177,1715950,1476,56188,1027,43939,2,491,1967585
314,Santa Clara,County,1136,52666,11,532,19043,1734993,1260,57448,1162,45101,3,494,1967585
315,Santa Clara,County,1007,53673,11,543,9434,1744427,921,58369,791,45892,4,498,1967585
316,Santa Clara,County,954,54627,7,550,8659,1753086,832,59201,2028,47920,1,499,1967585
317,Santa Clara,County,1427,56054,13,563,22659,1775745,1403,60604,1260,49180,3,502,1967585
318,Santa Clara,County,1561,57615,20,583,25113,1800858,2037,62641,1131,50311,3,505,1967585
319,Santa Clara,County,1434,59049,11,594,23847,1824705,1838,64479,1191,51502,18,523,1967585
320,Santa Clara,County,1240,60289,18,612,23114,1847819,1697,66176,1057,52559,4,527,1967585
321,Santa Clara,County,1168,61457,12,624,20377,1868196,1377,67553,1433,53992,12,539,1967585
322,Santa Clara,County,867,62324,21,645,9719,1877915,899,68452,1548,55540,19,558,1967585
323,Santa Clara,County,809,63133,15,660,9136,1887051,706,69158,1320,56860,8,566,1967585
324,Santa Clara,County,1402,64535,25,685,25327,1912378,1722,70880,839,57699,4,570,1967585
325,Santa Clara,County,1192,65727,19,704,23974,1936352,1644,72524,1493,59192,-1,569,1967585
326,Santa Clara,County,1166,66893,15,719,21779,1958131,1645,74169,1263,60455,10,579,1967585
327,Santa Clara,County,905,67798,15,734,11546,1969677,853,75022,1287,61742,12,591,1967585
328,Santa Clara,County,602,68400,21,755,2228,1971905,258,75280,1431,63173,21,612,1967585
329,Santa Clara,County,1115,69515,19,774,10188,1982093,1113,76393,1012,64185,6,618,1967585
330,Santa Clara,County,1062,70577,27,801,9042,1991135,913,77306,1103,65288,1,619,1967585
331,Santa Clara,County,1620,72197,19,820,24243,2015378,1974,79280,1130,66418,0,619,1967585
332,Santa Clara,County,1489,73686,21,841,22574,2037952,1992,81272,1163,67581,2,621,1967585
333,Santa Clara,County,1546,75232,19,860,21955,2059907,2087,83359,-363,67218,40,661,1967585
334,Santa Clara,County,1266,76498,19,879,14295,2074202,1298,84657,2814,70032,4,665,1967585
335,Santa Clara,County,766,77264,33,912,3128,2077330,329,84986,1872,71904,15,680,1967585
336,Santa Clara,County,1267,78531,19,931,10184,2087514,1086,86072,1758,73662,40,720,1967585
337,Santa Clara,County,1168,79699,25,956,9132,2096646,1001,87073,872,74534,0,720,1967585
338,Santa Clara,County,1553,81252,13,969,24502,2121148,1750,88823,763,75297,7,727,1967585
339,Santa Clara,County,1753,83005,18,987,26290,2147438,2526,91349,1058,76355,2,729,1967585
340,Santa Clara,County,1534,84539,15,1002,24036,2171474,2021,93370,1130,77485,17,746,1967585
341,Santa Clara,County,1402,85941,17,1019,23248,2194722,1808,95178,1323,78808,29,775,1967585
342,Santa Clara,County,1219,87160,17,1036,18625,2213347,1292,96470,1753,80561,14,789,1967585
343,Santa Clara,County,1024,88184,25,1061,10957,2224304,1007,97477,1708,82269,19,808,1967585
344,Santa Clara,County,841,89025,12,1073,9772,2234076,777,98254,1510,83779,50,858,1967585
345,Santa Clara,County,1177,90202,23,1096,26127,2260203,1469,99723,1072,84851,19,877,1967585
346,Santa Clara,County,1199,91401,26,1122,23982,2284185,1655,101378,1224,86075,27,904,1967585
347,Santa Clara,County,1061,92462,17,1139,23709,2307894,1465,102843,1112,87187,7,911,1967585
348,Santa Clara,County,975,93437,17,1156,23432,2331326,1297,104140,1318,88505,-1,910,1967585
349,Santa Clara,County,891,94328,25,1181,18503,2349829,1172,105312,1598,90103,32,942,1967585
350,Santa Clara,County,650,94978,20,1201,9194,2359023,761,106073,1481,91584,12,954,1967585
351,Santa Clara,County,462,95440,21,1222,7324,2366347,563,106636,1168,92752,22,976,1967585
352,Santa Clara,County,759,96199,19,1241,13914,2380261,801,107437,936,93688,16,992,1967585
353,Santa Clara,County,899,97098,20,1261,25814,2406075,1161,108598,795,94483,18,1010,1967585
354,Santa Clara,County,785,97883,18,1279,21870,2427945,1002,109600,512,94995,30,1040,1967585
355,Santa Clara,County,681,98564,12,1291,21656,2449601,878,110478,1033,96028,22,1062,1967585
356,Santa Clara,County,621,99185,17,1308,17783,2467384,704,111182,407,96435,0,1062,1967585
357,Santa Clara,County,440,99625,16,1324,7932,2475316,494,111676,754,97189,24,1086,1967585
358,Santa Clara,County,355,99980,14,1338,6154,2481470,404,112080,914,98103,23,1109,1967585
359,Santa Clara,County,652,100632,12,1350,22695,2504165,762,112842,544,98647,34,1143,1967585
360,Santa Clara,County,571,101203,13,1363,19220,2523385,623,113465,568,99215,28,1171,1967585
361,Santa Clara,County,476,101679,16,1379,16117,2539502,637,114102,517,99732,13,1184,1967585
362,Santa Clara,County,403,102082,14,1393,16614,2556116,520,114622,738,100470,35,1219,1967585
363,Santa Clara,County,465,102547,14,1407,16641,2572757,633,115255,540,101010,54,1273,1967585
364,Santa Clara,County,366,102913,4,1411,7540,2580297,441,115696,461,101471,34,1307,1967585
365,Santa Clara,County,350,103263,11,1422,5555,2585852,338,116034,515,101986,23,1330,1967585
366,Santa Clara,County,549,103812,17,1439,20383,2606235,614,116648,476,102462,13,1343,1967585
367,Santa Clara,County,415,104227,10,1449,19088,2625323,521,117169,410,102872,6,1349,1967585
368,Santa Clara,County,463,104690,17,1466,19214,2644537,570,117739,406,103278,15,1364,1967585
369,Santa Clara,County,315,105005,12,1478,17971,2662508,469,118208,503,103781,40,1404,1967585
370,Santa Clara,County,349,105354,10,1488,16891,2679399,489,118697,331,104112,17,1421,1967585
371,Santa Clara,County,249,105603,5,1493,7376,2686775,290,118987,527,104639,18,1439,1967585
372,Santa Clara,County,221,105824,9,1502,5886,2692661,214,119201,479,105118,11,1450,1967585
373,Santa Clara,County,340,106164,5,1507,21514,2714175,442,119643,295,105413,6,1456,1967585
374,Santa Clara,County,325,106489,11,1518,19886,2734061,467,120110,349,105762,7,1463,1967585
375,Santa Clara,County,307,106796,12,1530,18629,2752690,449,120559,286,106048,26,1489,1967585
376,Santa Clara,County,238,107034,12,1542,18222,2770912,373,120932,344,106392,18,1507,1967585
377,Santa Clara,County,256,107290,9,1551,14926,2785838,321,121253,367,106759,36,1543,1967585
378,Santa Clara,County,169,107459,5,1556,6899,2792737,195,121448,366,107125,27,1570,1967585
379,Santa Clara,County,185,107644,5,1561,5171,2797908,209,121657,287,107412,12,1582,1967585
380,Santa Clara,County,200,107844,8,1569,13145,2811053,227,121884,218,107630,6,1588,1967585
381,Santa Clara,County,234,108078,4,1573,18139,2829192,291,122175,124,107754,3,1591,1967585
382,Santa Clara,County,253,108331,9,1582,15817,2845009,307,122482,195,107949,1,1592,1967585
383,Santa Clara,County,232,108563,5,1587,17095,2862104,313,122795,261,108210,13,1605,1967585
384,Santa Clara,County,226,108789,5,1592,14310,2876414,289,123084,190,108400,29,1634,1967585
385,Santa Clara,County,213,109002,8,1600,6846,2883260,207,123291,328,108728,15,1649,1967585
386,Santa Clara,County,176,109178,5,1605,5445,2888705,195,123486,264,108992,5,1654,1967585
387,Santa Clara,County,225,109403,4,1609,18535,2907240,290,123776,221,109213,1,1655,1967585
388,Santa Clara,County,211,109614,6,1615,18125,2925365,264,124040,236,109449,6,1661,1967585
389,Santa Clara,County,196,109810,2,1617,18615,2943980,301,124341,222,109671,13,1674,1967585
390,Santa Clara,County,152,109962,3,1620,16581,2960561,199,124540,252,109923,3,1677,1967585
391,Santa Clara,County,164,110126,8,1628,15630,2976191,196,124736,245,110168,23,1700,1967585
392,Santa Clara,County,130,110256,5,1633,7010,2983201,160,124896,193,110361,3,1703,1967585
393,Santa Clara,County,147,110403,2,1635,5042,2988243,153,125049,195,110556,1,1704,1967585
394,Santa Clara,County,198,110601,4,1639,20514,3008757,237,125286,128,110684,0,1704,1967585
395,Santa Clara,County,158,110759,2,1641,17643,3026400,234,125520,148,110832,2,1706,1967585
396,Santa Clara,County,178,110937,1,1642,17970,3044370,239,125759,159,110991,14,1720,1967585
397,Santa Clara,County,155,111092,3,1645,16996,3061366,192,125951,203,111194,3,1723,1967585
398,Santa Clara,County,133,111225,4,1649,14188,3075554,180,126131,190,111384,22,1745,1967585
399,Santa Clara,County,96,111321,2,1651,6182,3081736,110,126241,186,111570,4,1749,1967585
400,Santa Clara,County,96,111417,1,1652,5079,3086815,102,126343,175,111745,3,1752,1967585
401,Santa Clara,County,146,111563,3,1655,19832,3106647,202,126545,137,111882,4,1756,1967585
402,Santa Clara,County,127,111690,3,1658,16961,3123608,190,126735,81,111963,0,1756,1967585
403,Santa Clara,County,111,111801,5,1663,16494,3140102,171,126906,140,112103,3,1759,1967585
404,Santa Clara,County,106,111907,5,1668,16495,3156597,141,127047,143,112246,6,1765,1967585
405,Santa Clara,County,130,112037,4,1672,14136,3170733,147,127194,150,112396,1,1766,1967585
406,Santa Clara,County,94,112131,1,1673,5963,3176696,122,127316,135,112531,24,1790,1967585
407,Santa Clara,County,85,112216,1,1674,4713,3181409,87,127403,117,112648,6,1796,1967585
408,Santa Clara,County,128,112344,0,1674,18592,3200001,164,127567,81,112729,2,1798,1967585
409,Santa Clara,County,101,112445,1,1675,17606,3217607,148,127715,116,112845,-1,1797,1967585
410,Santa Clara,County,118,112563,2,1677,16402,3234009,172,127887,138,112983,8,1805,1967585
411,Santa Clara,County,93,112656,3,1680,15995,3250004,132,128019,136,113119,3,1808,1967585
412,Santa Clara,County,117,112773,2,1682,14122,3264126,144,128163,113,113232,-11,1797,1967585
413,Santa Clara,County,74,112847,1,1683,5581,3269707,79,128242,152,113384,2,1799,1967585
414,Santa Clara,County,92,112939,1,1684,4823,3274530,90,128332,103,113487,41,1840,1967585
415,Santa Clara,County,129,113068,3,1687,19718,3294248,138,128470,88,113575,5,1845,1967585
416,Santa Clara,County,119,113187,2,1689,16081,3310329,147,128617,70,113645,3,1848,1967585
417,Santa Clara,County,117,113304,2,1691,16783,3327112,148,128765,112,113757,3,1851,1967585
418,Santa Clara,County,114,113418,3,1694,17657,3344769,161,128926,120,113877,17,1868,1967585
419,Santa Clara,County,103,113521,0,1694,13098,3357867,152,129078,82,113959,0,1868,1967585
420,Santa Clara,County,98,113619,1,1695,5936,3363803,80,129158,165,114124,3,1871,1967585
421,Santa Clara,County,97,113716,1,1696,6030,3369833,73,129231,108,114232,0,1871,1967585
422,Santa Clara,County,99,113815,2,1698,19817,3389650,137,129368,103,114335,0,1871,1967585
423,Santa Clara,County,106,113921,0,1698,17262,3406912,112,129480,78,114413,2,1873,1967585
424,Santa Clara,County,123,114044,0,1698,15054,3421966,163,129643,86,114499,1,1874,1967585
425,Santa Clara,County,127,114171,0,1698,17224,3439190,148,129791,107,114606,0,1874,1967585
243,Santa Cruz,County,13,2529,1,13,1030,81383,18,2439,13,2418,0,10,273999
244,Santa Cruz,County,15,2544,1,14,1054,82437,13,2452,45,2463,-1,9,273999
245,Santa Cruz,County,17,2561,3,17,562,82999,23,2475,13,2476,0,9,273999
246,Santa Cruz,County,8,2569,1,18,403,83402,0,2475,7,2483,0,9,273999
247,Santa Cruz,County,16,2585,2,20,1007,84409,16,2491,9,2492,0,9,273999
248,Santa Cruz,County,12,2597,0,20,1123,85532,14,2505,18,2510,3,12,273999
249,Santa Cruz,County,22,2619,0,20,1114,86646,25,2530,8,2518,2,14,273999
250,Santa Cruz,County,12,2631,1,21,1053,87699,10,2540,17,2535,-1,13,273999
251,Santa Cruz,County,12,2643,1,22,1028,88727,11,2551,20,2555,0,13,273999
252,Santa Cruz,County,9,2652,0,22,529,89256,19,2570,17,2572,0,13,273999
253,Santa Cruz,County,14,2666,2,24,429,89685,13,2583,6,2578,0,13,273999
254,Santa Cruz,County,14,2680,0,24,1425,91110,29,2612,12,2590,0,13,273999
255,Santa Cruz,County,17,2697,0,24,1105,92215,26,2638,13,2603,0,13,273999
256,Santa Cruz,County,18,2715,0,24,1083,93298,30,2668,15,2618,0,13,273999
257,Santa Cruz,County,10,2725,1,25,948,94246,6,2674,38,2656,0,13,273999
258,Santa Cruz,County,14,2739,0,25,1035,95281,16,2690,10,2666,7,20,273999
259,Santa Cruz,County,13,2752,1,26,499,95780,12,2702,14,2680,-1,19,273999
260,Santa Cruz,County,14,2766,0,26,362,96142,9,2711,12,2692,0,19,273999
261,Santa Cruz,County,14,2780,1,27,1124,97266,14,2725,13,2705,0,19,273999
262,Santa Cruz,County,17,2797,1,28,1148,98414,23,2748,5,2710,4,23,273999
263,Santa Cruz,County,23,2820,0,28,1079,99493,26,2774,19,2729,1,24,273999
264,Santa Cruz,County,23,2843,0,28,1067,100560,20,2794,9,2738,0,24,273999
265,Santa Cruz,County,18,2861,0,28,1160,101720,28,2822,19,2757,0,24,273999
266,Santa Cruz,County,14,2875,0,28,515,102235,12,2834,18,2775,0,24,273999
267,Santa Cruz,County,19,2894,0,28,410,102645,4,2838,14,2789,0,24,273999
268,Santa Cruz,County,27,2921,0,28,1230,103875,26,2864,19,2808,0,24,273999
269,Santa Cruz,County,26,2947,0,28,1254,105129,15,2879,7,2815,0,24,273999
270,Santa Cruz,County,30,2977,0,28,1851,106980,27,2906,21,2836,0,24,273999
271,Santa Cruz,County,31,3008,0,28,1029,108009,26,2932,14,2850,0,24,273999
272,Santa Cruz,County,25,3033,0,28,845,108854,32,2964,24,2874,1,25,273999
273,Santa Cruz,County,18,3051,0,28,494,109348,9,2973,21,2895,0,25,273999
274,Santa Cruz,County,35,3086,0,28,414,109762,12,2985,26,2921,0,25,273999
275,Santa Cruz,County,53,3139,0,28,1313,111075,73,3058,22,2943,0,25,273999
276,Santa Cruz,County,42,3181,0,28,1204,112279,40,3098,37,2980,0,25,273999
277,Santa Cruz,County,50,3231,0,28,1300,113579,54,3152,17,2997,0,25,273999
278,Santa Cruz,County,37,3268,0,28,1408,114987,52,3204,26,3023,0,25,273999
279,Santa Cruz,County,38,3306,0,28,1184,116171,33,3237,40,3063,0,25,273999
280,Santa Cruz,County,37,3343,0,28,617,116788,22,3259,67,3130,0,25,273999
281,Santa Cruz,County,38,3381,0,28,517,117305,20,3279,4,3134,0,25,273999
282,Santa Cruz,County,57,3438,0,28,1339,118644,58,3337,60,3194,0,25,273999
283,Santa Cruz,County,58,3496,1,29,1377,120021,54,3391,27,3221,0,25,273999
284,Santa Cruz,County,64,3560,0,29,980,121001,41,3432,26,3247,0,25,273999
285,Santa Cruz,County,68,3628,0,29,1418,122419,60,3492,70,3317,0,25,273999
286,Santa Cruz,County,83,3711,0,29,1603,124022,93,3585,26,3343,0,25,273999
287,Santa Cruz,County,73,3784,1,30,733,124755,59,3644,59,3402,0,25,273999
288,Santa Cruz,County,55,3839,0,30,572,125327,43,3687,37,3439,0,25,273999
289,Santa Cruz,County,138,3977,0,30,1909,127236,127,3814,81,3520,0,25,273999
290,Santa Cruz,County,73,4050,0,30,1832,129068,77,3891,28,3548,0,25,273999
291,Santa Cruz,County,84,4134,0,30,2266,131334,109,4000,70,3618,0,25,273999
292,Santa Cruz,County,92,4226,2,32,2109,133443,97,4097,61,3679,0,25,273999
293,Santa Cruz,County,91,4317,0,32,2190,135633,84,4181,136,3815,0,25,273999
294,Santa Cruz,County,67,4384,1,33,958,136591,65,4246,83,3898,0,25,273999
295,Santa Cruz,County,56,4440,1,34,718,137309,45,4291,-2,3896,0,25,273999
296,Santa Cruz,County,82,4522,1,35,2672,139981,94,4385,107,4003,0,25,273999
297,Santa Cruz,County,109,4631,1,36,2456,142437,105,4490,129,4132,0,25,273999
298,Santa Cruz,County,112,4743,2,38,1654,144091,105,4595,70,4202,0,25,273999
299,Santa Cruz,County,51,4794,1,39,138,144229,5,4600,67,4269,1,26,273999
300,Santa Cruz,County,130,4924,0,39,955,145184,86,4686,89,4358,0,26,273999
301,Santa Cruz,County,71,4995,5,44,797,145981,73,4759,68,4426,0,26,273999
302,Santa Cruz,County,77,5072,0,44,526,146507,47,4806,64,4490,0,26,273999
303,Santa Cruz,County,159,5231,1,45,3027,149534,155,4961,68,4558,0,26,273999
304,Santa Cruz,County,139,5370,3,48,2480,152014,141,5102,80,4638,1,27,273999
305,Santa Cruz,County,156,5526,0,48,2910,154924,163,5265,128,4766,0,27,273999
306,Santa Cruz,County,132,5658,3,51,2388,157312,172,5437,84,4850,1,28,273999
307,Santa Cruz,County,142,5800,3,54,2395,159707,160,5597,135,4985,4,32,273999
308,Santa Cruz,County,85,5885,3,57,901,160608,83,5680,12,4997,8,40,273999
309,Santa Cruz,County,74,5959,0,57,595,161203,47,5727,72,5069,0,40,273999
310,Santa Cruz,County,172,6131,3,60,2968,164171,157,5884,83,5152,1,41,273999
311,Santa Cruz,County,164,6295,0,60,2510,166681,167,6051,222,5374,4,45,273999
312,Santa Cruz,County,177,6472,2,62,2793,169474,189,6240,153,5527,2,47,273999
313,Santa Cruz,County,158,6630,1,63,2363,171837,167,6407,118,5645,1,48,273999
314,Santa Cruz,County,173,6803,1,64,2056,173893,162,6569,119,5764,2,50,273999
315,Santa Cruz,County,112,6915,4,68,904,174797,91,6660,141,5905,4,54,273999
316,Santa Cruz,County,99,7014,5,73,621,175418,66,6726,81,5986,0,54,273999
317,Santa Cruz,County,248,7262,1,74,3056,178474,233,6959,63,6049,0,54,273999
318,Santa Cruz,County,186,7448,3,77,2644,181118,197,7156,312,6361,5,59,273999
319,Santa Cruz,County,184,7632,3,80,2516,183634,184,7340,175,6536,4,63,273999
320,Santa Cruz,County,185,7817,1,81,2744,186378,211,7551,151,6687,1,64,273999
321,Santa Cruz,County,155,7972,2,83,2626,189004,171,7722,151,6838,4,68,273999
322,Santa Cruz,County,115,8087,4,87,984,189988,99,7821,216,7054,0,68,273999
323,Santa Cruz,County,102,8189,1,88,704,190692,69,7890,124,7178,1,69,273999
324,Santa Cruz,County,205,8394,0,88,3029,193721,214,8104,137,7315,0,69,273999
325,Santa Cruz,County,213,8607,2,90,2667,196388,229,8333,156,7471,3,72,273999
326,Santa Cruz,County,178,8785,1,91,1897,198285,189,8522,166,7637,3,75,273999
327,Santa Cruz,County,160,8945,0,91,1264,199549,150,8672,219,7856,7,82,273999
328,Santa Cruz,County,71,9016,2,93,122,199671,12,8684,162,8018,-1,81,273999
329,Santa Cruz,County,141,9157,2,95,929,200600,144,8828,95,8113,0,81,273999
330,Santa Cruz,County,124,9281,4,99,642,201242,89,8917,121,8234,0,81,273999
331,Santa Cruz,County,268,9549,2,101,2693,203935,275,9192,76,8310,0,81,273999
332,Santa Cruz,County,268,9817,2,103,2508,206443,302,9494,182,8492,3,84,273999
333,Santa Cruz,County,270,10087,1,104,1881,208324,292,9786,295,8787,2,86,273999
334,Santa Cruz,County,194,10281,3,107,1549,209873,219,10005,122,8909,-2,84,273999
335,Santa Cruz,County,116,10397,1,108,285,210158,38,10043,237,9146,0,84,273999
336,Santa Cruz,County,178,10575,0,108,1038,211196,137,10180,194,9340,1,85,273999
337,Santa Cruz,County,151,10726,1,109,959,212155,117,10297,188,9528,-1,84,273999
338,Santa Cruz,County,300,11026,4,113,3783,215938,330,10627,152,9680,1,85,273999
339,Santa Cruz,County,287,11313,1,114,3182,219120,305,10932,73,9753,8,93,273999
340,Santa Cruz,County,272,11585,4,118,2861,221981,330,11262,201,9954,4,97,273999
341,Santa Cruz,County,218,11803,0,118,2528,224509,274,11536,274,10228,7,104,273999
342,Santa Cruz,County,209,12012,1,119,2457,226966,234,11770,258,10486,2,106,273999
343,Santa Cruz,County,139,12151,2,121,846,227812,142,11912,231,10717,1,107,273999
344,Santa Cruz,County,96,12247,0,121,637,228449,94,12006,234,10951,-1,106,273999
345,Santa Cruz,County,211,12458,4,125,3863,232312,257,12263,142,11093,0,106,273999
346,Santa Cruz,County,177,12635,4,129,2818,235130,216,12479,174,11267,4,110,273999
347,Santa Cruz,County,215,12850,1,130,2851,237981,245,12724,156,11423,0,110,273999
348,Santa Cruz,County,173,13023,1,131,2774,240755,204,12928,160,11583,-1,109,273999
349,Santa Cruz,County,147,13170,2,133,2518,243273,198,13126,193,11776,-4,105,273999
350,Santa Cruz,County,109,13279,4,137,877,244150,113,13239,250,12026,1,106,273999
351,Santa Cruz,County,59,13338,3,140,502,244652,51,13290,170,12196,0,106,273999
352,Santa Cruz,County,112,13450,7,147,1957,246609,122,13412,102,12298,0,106,273999
353,Santa Cruz,County,132,13582,3,150,2906,249515,166,13578,112,12410,0,106,273999
354,Santa Cruz,County,115,13697,1,151,2762,252277,175,13753,50,12460,1,107,273999
355,Santa Cruz,County,106,13803,2,153,2411,254688,124,13877,88,12548,12,119,273999
356,Santa Cruz,County,84,13887,1,154,2414,257102,109,13986,139,12687,4,123,273999
357,Santa Cruz,County,57,13944,5,159,766,257868,58,14044,84,12771,4,127,273999
358,Santa Cruz,County,58,14002,1,160,462,258330,59,14103,134,12905,6,133,273999
359,Santa Cruz,County,85,14087,3,163,2999,261329,124,14227,68,12973,0,133,273999
360,Santa Cruz,County,87,14174,1,164,2452,263781,121,14348,72,13045,1,134,273999
361,Santa Cruz,County,65,14239,0,164,1822,265603,87,14435,66,13111,9,143,273999
362,Santa Cruz,County,70,14309,1,165,2046,267649,93,14528,77,13188,2,145,273999
363,Santa Cruz,County,89,14398,1,166,2205,269854,109,14637,123,13311,3,148,273999
364,Santa Cruz,County,53,14451,0,166,782,270636,57,14694,72,13383,1,149,273999
365,Santa Cruz,County,40,14491,2,168,440,271076,26,14720,86,13469,0,149,273999
366,Santa Cruz,County,95,14586,0,168,2975,274051,116,14836,55,13524,0,149,273999
367,Santa Cruz,County,53,14639,0,168,1951,276002,80,14916,48,13572,1,150,273999
368,Santa Cruz,County,59,14698,0,168,2301,278303,82,14998,39,13611,4,154,273999
369,Santa Cruz,County,54,14752,1,169,2208,280511,65,15063,102,13713,2,156,273999
370,Santa Cruz,County,33,14785,1,170,2206,282717,52,15115,63,13776,5,161,273999
371,Santa Cruz,County,21,14806,2,172,706,283423,20,15135,69,13845,0,161,273999
372,Santa Cruz,County,31,14837,1,173,413,283836,14,15149,42,13887,0,161,273999
373,Santa Cruz,County,54,14891,1,174,2264,286100,91,15240,34,13921,0,161,273999
374,Santa Cruz,County,39,14930,2,176,2681,288781,60,15300,37,13958,1,162,273999
375,Santa Cruz,County,50,14980,2,178,2255,291036,54,15354,49,14007,3,165,273999
376,Santa Cruz,County,35,15015,1,179,1733,292769,39,15393,81,14088,0,165,273999
377,Santa Cruz,County,22,15037,1,180,1250,294019,31,15424,59,14147,5,170,273999
378,Santa Cruz,County,20,15057,4,184,485,294504,24,15448,51,14198,3,173,273999
379,Santa Cruz,County,27,15084,0,184,283,294787,16,15464,27,14225,2,175,273999
380,Santa Cruz,County,28,15112,5,189,1283,296070,40,15504,14,14239,0,175,273999
381,Santa Cruz,County,32,15144,0,189,1824,297894,50,15554,17,14256,-1,174,273999
382,Santa Cruz,County,19,15163,1,190,1532,299426,32,15586,12,14268,0,174,273999
383,Santa Cruz,County,33,15196,1,191,1201,300627,32,15618,46,14314,2,176,273999
384,Santa Cruz,County,26,15222,0,191,1342,301969,51,15669,40,14354,0,176,273999
385,Santa Cruz,County,15,15237,0,191,492,302461,14,15683,24,14378,0,176,273999
386,Santa Cruz,County,11,15248,0,191,316,302777,11,15694,23,14401,0,176,273999
387,Santa Cruz,County,24,15272,2,193,1904,304681,45,15739,16,14417,0,176,273999
388,Santa Cruz,County,26,15298,1,194,1652,306333,31,15770,18,14435,2,178,273999
389,Santa Cruz,County,27,15325,0,194,1484,307817,33,15803,23,14458,7,185,273999
390,Santa Cruz,County,21,15346,0,194,1682,309499,27,15830,34,14492,0,185,273999
391,Santa Cruz,County,18,15364,1,195,1937,311436,20,15850,36,14528,0,185,273999
392,Santa Cruz,County,12,15376,0,195,627,312063,13,15863,24,14552,0,185,273999
393,Santa Cruz,County,9,15385,0,195,280,312343,4,15867,19,14571,0,185,273999
394,Santa Cruz,County,29,15414,2,197,2912,315255,31,15898,4,14575,0,185,273999
395,Santa Cruz,County,19,15433,0,197,2372,317627,30,15928,36,14611,0,185,273999
396,Santa Cruz,County,14,15447,1,198,1904,319531,18,15946,34,14645,0,185,273999
397,Santa Cruz,County,11,15458,1,199,1294,320825,15,15961,24,14669,1,186,273999
398,Santa Cruz,County,19,15477,0,199,1314,322139,24,15985,25,14694,2,188,273999
399,Santa Cruz,County,11,15488,0,199,483,322622,8,15993,7,14701,0,188,273999
400,Santa Cruz,County,11,15499,0,199,329,322951,12,16005,14,14715,1,189,273999
401,Santa Cruz,County,22,15521,0,199,2902,325853,26,16031,14,14729,-1,188,273999
402,Santa Cruz,County,20,15541,1,200,2113,327966,23,16054,35,14764,0,188,273999
403,Santa Cruz,County,21,15562,1,201,1879,329845,17,16071,26,14790,4,192,273999
404,Santa Cruz,County,15,15577,0,201,1565,331410,22,16093,22,14812,1,193,273999
405,Santa Cruz,County,12,15589,1,202,1913,333323,29,16122,34,14846,2,195,273999
406,Santa Cruz,County,12,15601,0,202,486,333809,12,16134,29,14875,4,199,273999
407,Santa Cruz,County,7,15608,0,202,234,334043,5,16139,12,14887,1,200,273999
408,Santa Cruz,County,17,15625,1,203,2433,336476,25,16164,12,14899,0,200,273999
409,Santa Cruz,County,6,15631,0,203,1900,338376,12,16176,27,14926,-1,199,273999
410,Santa Cruz,County,6,15637,0,203,1764,340140,7,16183,41,14967,0,199,273999
411,Santa Cruz,County,8,15645,0,203,1633,341773,18,16201,31,14998,-1,198,273999
412,Santa Cruz,County,10,15655,0,203,1811,343584,9,16210,28,15026,1,199,273999
413,Santa Cruz,County,7,15662,0,203,461,344045,4,16214,27,15053,0,199,273999
414,Santa Cruz,County,16,15678,0,203,230,344275,5,16219,11,15064,0,199,273999
415,Santa Cruz,County,7,15685,0,203,2416,346691,13,16232,13,15077,2,201,273999
416,Santa Cruz,County,12,15697,0,203,1823,348514,17,16249,29,15106,0,201,273999
417,Santa Cruz,County,15,15712,0,203,1947,350461,13,16262,32,15138,1,202,273999
418,Santa Cruz,County,13,15725,0,203,1440,351901,20,16282,32,15170,-1,201,273999
419,Santa Cruz,County,21,15746,0,203,1191,353092,25,16307,29,15199,0,201,273999
420,Santa Cruz,County,14,15760,0,203,523,353615,10,16317,16,15215,0,201,273999
421,Santa Cruz,County,6,15766,1,204,298,353913,5,16322,23,15238,0,201,273999
422,Santa Cruz,County,14,15780,0,204,2524,356437,27,16349,11,15249,0,201,273999
423,Santa Cruz,County,11,15791,0,204,1701,358138,16,16365,29,15278,0,201,273999
424,Santa Cruz,County,6,15797,0,204,2088,360226,8,16373,17,15295,0,201,273999
425,Santa Cruz,County,12,15809,0,204,1395,361621,9,16382,-24,15271,1,202,273999
243,Shasta,County,56,1398,1,28,503,50250,55,1323,15,991,1,18,177925
244,Shasta,County,51,1449,1,29,528,50778,38,1361,55,1046,0,18,177925
245,Shasta,County,35,1484,0,29,125,50903,17,1378,71,1117,0,18,177925
246,Shasta,County,28,1512,1,30,176,51079,17,1395,41,1158,0,18,177925
247,Shasta,County,98,1610,0,30,968,52047,58,1453,0,1158,0,18,177925
248,Shasta,County,33,1643,0,30,898,52945,48,1501,84,1242,0,18,177925
249,Shasta,County,40,1683,0,30,904,53849,54,1555,26,1268,2,20,177925
250,Shasta,County,43,1726,0,30,840,54689,55,1610,37,1305,0,20,177925
251,Shasta,County,34,1760,3,33,824,55513,41,1651,48,1353,0,20,177925
252,Shasta,County,27,1787,0,33,177,55690,15,1666,120,1473,0,20,177925
253,Shasta,County,17,1804,0,33,154,55844,5,1671,42,1515,0,20,177925
254,Shasta,County,30,1834,0,33,703,56547,16,1687,0,1515,0,20,177925
255,Shasta,County,25,1859,1,34,844,57391,28,1715,91,1606,0,20,177925
256,Shasta,County,24,1883,0,34,896,58287,23,1738,-53,1553,0,20,177925
257,Shasta,County,38,1921,0,34,721,59008,25,1763,82,1635,0,20,177925
258,Shasta,County,11,1932,0,34,548,59556,19,1782,25,1660,0,20,177925
259,Shasta,County,22,1954,0,34,110,59666,14,1796,19,1679,0,20,177925
260,Shasta,County,26,1980,0,34,134,59800,11,1807,29,1708,0,20,177925
261,Shasta,County,25,2005,0,34,765,60565,25,1832,1,1709,0,20,177925
262,Shasta,County,44,2049,0,34,754,61319,25,1857,38,1747,0,20,177925
263,Shasta,County,23,2072,1,35,822,62141,29,1886,30,1777,7,27,177925
264,Shasta,County,37,2109,0,35,686,62827,29,1915,22,1799,2,29,177925
265,Shasta,County,46,2155,0,35,494,63321,27,1942,47,1846,0,29,177925
266,Shasta,County,36,2191,0,35,127,63448,7,1949,32,1878,0,29,177925
267,Shasta,County,45,2236,0,35,172,63620,9,1958,11,1889,0,29,177925
268,Shasta,County,64,2300,2,37,903,64523,49,2007,0,1889,0,29,177925
269,Shasta,County,53,2353,0,37,841,65364,36,2043,73,1962,0,29,177925
270,Shasta,County,87,2440,0,37,1075,66439,61,2104,34,1996,2,31,177925
271,Shasta,County,80,2520,0,37,712,67151,56,2160,12,2008,1,32,177925
272,Shasta,County,63,2583,1,38,591,67742,45,2205,40,2048,0,32,177925
273,Shasta,County,44,2627,0,38,155,67897,10,2215,74,2122,1,33,177925
274,Shasta,County,50,2677,0,38,188,68085,14,2229,50,2172,0,33,177925
275,Shasta,County,136,2813,2,40,1271,69356,73,2302,2,2174,0,33,177925
276,Shasta,County,105,2918,1,41,831,70187,69,2371,114,2288,0,33,177925
277,Shasta,County,95,3013,0,41,804,70991,61,2432,33,2321,1,34,177925
278,Shasta,County,131,3144,0,41,1075,72066,78,2510,80,2401,0,34,177925
279,Shasta,County,90,3234,0,41,636,72702,64,2574,74,2475,1,35,177925
280,Shasta,County,72,3306,0,41,282,72984,29,2603,72,2547,1,36,177925
281,Shasta,County,69,3375,0,41,246,73230,25,2628,35,2582,0,36,177925
282,Shasta,County,136,3511,0,41,1292,74522,101,2729,-1,2581,0,36,177925
283,Shasta,County,155,3666,0,41,1126,75648,88,2817,105,2686,0,36,177925
284,Shasta,County,142,3808,1,42,628,76276,90,2907,80,2766,0,36,177925
285,Shasta,County,123,3931,1,43,1325,77601,93,3000,59,2825,1,37,177925
286,Shasta,County,138,4069,1,44,762,78363,93,3093,158,2983,0,37,177925
287,Shasta,County,85,4154,0,44,288,78651,67,3160,212,3195,0,37,177925
288,Shasta,County,85,4239,2,46,253,78904,39,3199,95,3290,0,37,177925
289,Shasta,County,174,4413,0,46,1596,80500,121,3320,-6,3284,0,37,177925
290,Shasta,County,150,4563,0,46,999,81499,115,3435,173,3457,3,40,177925
291,Shasta,County,160,4723,1,47,1158,82657,130,3565,90,3547,2,42,177925
292,Shasta,County,136,4859,0,47,1396,84053,113,3678,138,3685,0,42,177925
293,Shasta,County,137,4996,2,49,732,84785,91,3769,176,3861,0,42,177925
294,Shasta,County,74,5070,1,50,219,85004,31,3800,234,4095,0,42,177925
295,Shasta,County,73,5143,1,51,236,85240,35,3835,5,4100,1,43,177925
296,Shasta,County,157,5300,0,51,1567,86807,135,3970,0,4100,0,43,177925
297,Shasta,County,117,5417,2,53,945,87752,87,4057,310,4410,0,43,177925
298,Shasta,County,100,5517,2,55,990,88742,81,4138,178,4588,0,43,177925
299,Shasta,County,46,5563,4,59,69,88811,10,4148,124,4712,0,43,177925
300,Shasta,County,81,5644,1,60,346,89157,43,4191,-2,4710,0,43,177925
301,Shasta,County,77,5721,0,60,195,89352,27,4218,172,4882,0,43,177925
302,Shasta,County,78,5799,1,61,268,89620,23,4241,53,4935,0,43,177925
303,Shasta,County,172,5971,2,63,1404,91024,122,4363,-2,4933,1,44,177925
304,Shasta,County,141,6112,1,64,993,92017,125,4488,144,5077,3,47,177925
305,Shasta,County,128,6240,1,65,1352,93369,112,4600,111,5188,0,47,177925
306,Shasta,County,124,6364,1,66,1253,94622,130,4730,142,5330,1,48,177925
307,Shasta,County,109,6473,1,67,756,95378,97,4827,109,5439,1,49,177925
308,Shasta,County,88,6561,1,68,316,95694,52,4879,214,5653,0,49,177925
309,Shasta,County,61,6622,3,71,294,95988,40,4919,90,5743,0,49,177925
310,Shasta,County,141,6763,0,71,1472,97460,87,5006,-1,5742,1,50,177925
311,Shasta,County,123,6886,1,72,1038,98498,103,5109,204,5946,0,50,177925
312,Shasta,County,109,6995,1,73,1279,99777,96,5205,159,6105,2,52,177925
313,Shasta,County,65,7060,2,75,822,100599,62,5267,207,6312,1,53,177925
314,Shasta,County,68,7128,0,75,609,101208,62,5329,147,6459,1,54,177925
315,Shasta,County,45,7173,0,75,271,101479,35,5364,92,6551,0,54,177925
316,Shasta,County,35,7208,0,75,146,101625,22,5386,96,6647,0,54,177925
317,Shasta,County,74,7282,2,77,1264,102889,45,5431,18,6665,0,54,177925
318,Shasta,County,88,7370,1,78,967,103856,85,5516,129,6794,0,54,177925
319,Shasta,County,57,7427,0,78,1479,105335,61,5577,120,6914,8,62,177925
320,Shasta,County,72,7499,1,79,783,106118,57,5634,86,7000,0,62,177925
321,Shasta,County,78,7577,0,79,564,106682,46,5680,114,7114,0,62,177925
322,Shasta,County,36,7613,2,81,221,106903,24,5704,107,7221,1,63,177925
323,Shasta,County,53,7666,3,84,367,107270,32,5736,35,7256,1,64,177925
324,Shasta,County,115,7781,4,88,1450,108720,79,5815,43,7299,0,64,177925
325,Shasta,County,65,7846,1,89,658,109378,70,5885,72,7371,0,64,177925
326,Shasta,County,79,7925,2,91,1164,110542,60,5945,116,7487,2,66,177925
327,Shasta,County,73,7998,0,91,234,110776,29,5974,53,7540,-1,65,177925
328,Shasta,County,40,8038,4,95,48,110824,3,5977,72,7612,0,65,177925
329,Shasta,County,73,8111,1,96,223,111047,37,6014,29,7641,0,65,177925
330,Shasta,County,59,8170,3,99,261,111308,37,6051,30,7671,0,65,177925
331,Shasta,County,124,8294,3,102,1362,112670,81,6132,17,7688,0,65,177925
332,Shasta,County,119,8413,0,102,815,113485,74,6206,94,7782,0,65,177925
333,Shasta,County,105,8518,2,104,877,114362,57,6263,36,7818,4,69,177925
334,Shasta,County,112,8630,2,106,483,114845,61,6324,178,7996,0,69,177925
335,Shasta,County,65,8695,7,113,47,114892,5,6329,106,8102,3,72,177925
336,Shasta,County,82,8777,1,114,322,115214,71,6400,52,8154,0,72,177925
337,Shasta,County,66,8843,3,117,305,115519,32,6432,38,8192,0,72,177925
338,Shasta,County,126,8969,2,119,1310,116829,81,6513,32,8224,0,72,177925
339,Shasta,County,105,9074,3,122,947,117776,104,6617,121,8345,1,73,177925
340,Shasta,County,106,9180,1,123,1436,119212,82,6699,137,8482,5,78,177925
341,Shasta,County,71,9251,1,124,505,119717,55,6754,130,8612,3,81,177925
342,Shasta,County,87,9338,4,128,701,120418,62,6816,160,8772,0,81,177925
343,Shasta,County,50,9388,5,133,253,120671,33,6849,121,8893,0,81,177925
344,Shasta,County,33,9421,1,134,221,120892,14,6863,43,8936,0,81,177925
345,Shasta,County,110,9531,1,135,1410,122302,62,6925,41,8977,0,81,177925
346,Shasta,County,98,9629,3,138,835,123137,55,6980,109,9086,3,84,177925
347,Shasta,County,73,9702,2,140,1072,124209,44,7024,94,9180,9,93,177925
348,Shasta,County,63,9765,3,143,721,124930,62,7086,154,9334,-3,90,177925
349,Shasta,County,48,9813,0,143,548,125478,27,7113,125,9459,1,91,177925
350,Shasta,County,39,9852,1,144,212,125690,15,7128,88,9547,1,92,177925
351,Shasta,County,33,9885,3,147,185,125875,11,7139,41,9588,0,92,177925
352,Shasta,County,58,9943,2,149,1005,126880,60,7199,12,9600,0,92,177925
353,Shasta,County,38,9981,1,150,868,127748,46,7245,14,9614,1,93,177925
354,Shasta,County,36,10017,2,152,996,128744,36,7281,83,9697,5,98,177925
355,Shasta,County,52,10069,0,152,697,129441,32,7313,98,9795,0,98,177925
356,Shasta,County,42,10111,1,153,520,129961,30,7343,71,9866,5,103,177925
357,Shasta,County,19,10130,0,153,163,130124,7,7350,85,9951,0,103,177925
358,Shasta,County,31,10161,2,155,196,130320,14,7364,27,9978,0,103,177925
359,Shasta,County,71,10232,0,155,1290,131610,76,7440,13,9991,0,103,177925
360,Shasta,County,41,10273,1,156,709,132319,33,7473,45,10036,0,103,177925
361,Shasta,County,35,10308,1,157,419,132738,17,7490,70,10106,2,105,177925
362,Shasta,County,34,10342,2,159,587,133325,31,7521,70,10176,5,110,177925
363,Shasta,County,34,10376,2,161,636,133961,30,7551,44,10220,2,112,177925
364,Shasta,County,17,10393,0,161,148,134109,15,7566,63,10283,0,112,177925
365,Shasta,County,18,10411,0,161,159,134268,8,7574,30,10313,0,112,177925
366,Shasta,County,45,10456,0,161,1211,135479,25,7599,16,10329,0,112,177925
367,Shasta,County,25,10481,1,162,776,136255,28,7627,42,10371,16,128,177925
368,Shasta,County,25,10506,1,163,765,137020,19,7646,51,10422,2,130,177925
369,Shasta,County,43,10549,0,163,542,137562,38,7684,44,10466,1,131,177925
370,Shasta,County,27,10576,0,163,439,138001,20,7704,41,10507,5,136,177925
371,Shasta,County,16,10592,0,163,167,138168,15,7719,54,10561,1,137,177925
372,Shasta,County,11,10603,2,165,185,138353,6,7725,9,10570,0,137,177925
373,Shasta,County,20,10623,0,165,1233,139586,21,7746,4,10574,0,137,177925
374,Shasta,County,26,10649,1,166,758,140344,25,7771,21,10595,2,139,177925
375,Shasta,County,26,10675,0,166,625,140969,26,7797,50,10645,3,142,177925
376,Shasta,County,24,10699,0,166,797,141766,31,7828,27,10672,-2,140,177925
377,Shasta,County,24,10723,0,166,458,142224,24,7852,21,10693,2,142,177925
378,Shasta,County,18,10741,0,166,196,142420,4,7856,20,10713,-3,139,177925
379,Shasta,County,12,10753,0,166,210,142630,9,7865,7,10720,0,139,177925
380,Shasta,County,30,10783,0,166,917,143547,32,7897,10,10730,0,139,177925
381,Shasta,County,20,10803,0,166,1040,144587,41,7938,6,10736,0,139,177925
382,Shasta,County,16,10819,0,166,648,145235,17,7955,34,10770,0,139,177925
383,Shasta,County,20,10839,0,166,630,145865,28,7983,41,10811,0,139,177925
384,Shasta,County,20,10859,2,168,489,146354,19,8002,22,10833,1,140,177925
385,Shasta,County,12,10871,0,168,189,146543,13,8015,17,10850,6,146,177925
386,Shasta,County,14,10885,0,168,181,146724,11,8026,17,10867,-1,145,177925
387,Shasta,County,15,10900,4,172,1378,148102,25,8051,5,10872,0,145,177925
388,Shasta,County,15,10915,1,173,850,148952,18,8069,31,10903,1,146,177925
389,Shasta,County,12,10927,0,173,685,149637,15,8084,19,10922,2,148,177925
390,Shasta,County,15,10942,1,174,642,150279,15,8099,25,10947,0,148,177925
391,Shasta,County,12,10954,0,174,439,150718,17,8116,25,10972,1,149,177925
392,Shasta,County,6,10960,1,175,139,150857,8,8124,13,10985,0,149,177925
393,Shasta,County,6,10966,0,175,178,151035,5,8129,5,10990,0,149,177925
394,Shasta,County,21,10987,0,175,1445,152480,27,8156,0,10990,0,149,177925
395,Shasta,County,12,10999,0,175,664,153144,15,8171,22,11012,0,149,177925
396,Shasta,County,14,11013,0,175,654,153798,11,8182,11,11023,1,150,177925
397,Shasta,County,10,11023,0,175,693,154491,7,8189,27,11050,0,150,177925
398,Shasta,County,3,11026,1,176,518,155009,14,8203,12,11062,-2,148,177925
399,Shasta,County,12,11038,1,177,146,155155,6,8209,14,11076,10,158,177925
400,Shasta,County,9,11047,0,177,197,155352,10,8219,7,11083,-2,156,177925
401,Shasta,County,13,11060,0,177,1302,156654,25,8244,5,11088,-1,155,177925
402,Shasta,County,8,11068,1,178,826,157480,10,8254,25,11113,0,155,177925
403,Shasta,County,6,11074,1,179,816,158296,7,8261,12,11125,0,155,177925
404,Shasta,County,10,11084,1,180,500,158796,13,8274,14,11139,3,158,177925
405,Shasta,County,10,11094,0,180,395,159191,10,8284,4,11143,-5,153,177925
406,Shasta,County,8,11102,0,180,139,159330,3,8287,-122,11021,-45,108,177925
407,Shasta,County,8,11110,0,180,144,159474,3,8290,-2,11019,-16,92,177925
408,Shasta,County,16,11126,0,180,1465,160939,13,8303,0,11019,0,92,177925
409,Shasta,County,16,11142,2,182,758,161697,13,8316,16,11035,8,100,177925
410,Shasta,County,16,11158,0,182,981,162678,16,8332,10,11045,0,100,177925
411,Shasta,County,5,11163,2,184,436,163114,14,8346,14,11059,0,100,177925
412,Shasta,County,14,11177,0,184,450,163564,14,8360,45,11104,3,103,177925
413,Shasta,County,7,11184,0,184,144,163708,4,8364,107,11211,44,147,177925
414,Shasta,County,6,11190,0,184,167,163875,4,8368,4,11215,3,150,177925
415,Shasta,County,20,11210,1,185,1519,165394,22,8390,3,11218,0,150,177925
416,Shasta,County,14,11224,0,185,689,166083,19,8409,16,11234,25,175,177925
417,Shasta,County,13,11237,0,185,678,166761,14,8423,9,11243,6,181,177925
418,Shasta,County,19,11256,1,186,634,167395,24,8447,19,11262,0,181,177925
419,Shasta,County,17,11273,0,186,502,167897,20,8467,14,11276,1,182,177925
420,Shasta,County,9,11282,0,186,191,168088,8,8475,12,11288,1,183,177925
421,Shasta,County,11,11293,0,186,259,168347,7,8482,20,11308,0,183,177925
422,Shasta,County,26,11319,0,186,1537,169884,30,8512,5,11313,0,183,177925
423,Shasta,County,18,11337,0,186,893,170777,23,8535,3,11316,1,184,177925
424,Shasta,County,8,11345,1,187,568,171345,10,8545,11,11327,-5,179,177925
425,Shasta,County,12,11357,1,188,539,171884,19,8564,28,11355,2,181,177925
243,Siskiyou,County,2,164,0,0,115,11937,0,195,0,150,0,0,43956
244,Siskiyou,County,3,167,0,0,55,11992,1,196,1,151,0,0,43956
245,Siskiyou,County,0,167,0,0,37,12029,0,196,1,152,0,0,43956
246,Siskiyou,County,0,167,0,0,6,12035,0,196,1,153,0,0,43956
247,Siskiyou,County,0,167,0,0,88,12123,1,197,0,153,0,0,43956
248,Siskiyou,County,0,167,0,0,124,12247,3,200,1,154,0,0,43956
249,Siskiyou,County,0,167,0,0,99,12346,0,200,0,154,0,0,43956
250,Siskiyou,County,2,169,0,0,154,12500,0,200,2,156,0,0,43956
251,Siskiyou,County,0,169,0,0,66,12566,0,200,0,156,0,0,43956
252,Siskiyou,County,2,171,0,0,34,12600,0,200,5,161,0,0,43956
253,Siskiyou,County,0,171,0,0,16,12616,0,200,1,162,0,0,43956
254,Siskiyou,County,1,172,0,0,141,12757,0,200,0,162,0,0,43956
255,Siskiyou,County,1,173,0,0,118,12875,1,201,1,163,0,0,43956
256,Siskiyou,County,1,174,0,0,108,12983,0,201,3,166,0,0,43956
257,Siskiyou,County,0,174,0,0,113,13096,1,202,0,166,0,0,43956
258,Siskiyou,County,4,178,0,0,60,13156,0,202,1,167,0,0,43956
259,Siskiyou,County,2,180,0,0,10,13166,0,202,0,167,0,0,43956
260,Siskiyou,County,1,181,0,0,15,13181,1,203,0,167,0,0,43956
261,Siskiyou,County,0,181,0,0,66,13247,5,208,0,167,0,0,43956
262,Siskiyou,County,7,188,0,0,95,13342,1,209,1,168,0,0,43956
263,Siskiyou,County,8,196,0,0,41,13383,3,212,1,169,0,0,43956
264,Siskiyou,County,4,200,0,0,76,13459,2,214,0,169,0,0,43956
265,Siskiyou,County,0,200,0,0,26,13485,2,216,3,172,0,0,43956
266,Siskiyou,County,4,204,0,0,16,13501,2,218,2,174,0,0,43956
267,Siskiyou,County,1,205,0,0,12,13513,1,219,2,176,0,0,43956
268,Siskiyou,County,3,208,0,0,118,13631,3,222,3,179,0,0,43956
269,Siskiyou,County,8,216,0,0,136,13767,10,232,2,181,0,0,43956
270,Siskiyou,County,9,225,0,0,97,13864,10,242,1,182,0,0,43956
271,Siskiyou,County,3,228,0,0,144,14008,6,248,3,185,0,0,43956
272,Siskiyou,County,16,244,0,0,142,14150,24,272,7,192,0,0,43956
273,Siskiyou,County,0,244,0,0,24,14174,0,272,8,200,0,0,43956
274,Siskiyou,County,2,246,0,0,15,14189,1,273,5,205,0,0,43956
275,Siskiyou,County,5,251,0,0,133,14322,2,275,11,216,0,0,43956
276,Siskiyou,County,10,261,0,0,204,14526,7,282,3,219,0,0,43956
277,Siskiyou,County,4,265,0,0,136,14662,5,287,3,222,0,0,43956
278,Siskiyou,County,9,274,0,0,125,14787,9,296,6,228,0,0,43956
279,Siskiyou,County,11,285,0,0,142,14929,12,308,9,237,0,0,43956
280,Siskiyou,County,13,298,0,0,51,14980,9,317,4,241,0,0,43956
281,Siskiyou,County,4,302,0,0,16,14996,1,318,5,246,0,0,43956
282,Siskiyou,County,12,314,0,0,213,15209,12,330,11,257,0,0,43956
283,Siskiyou,County,11,325,0,0,230,15439,17,347,6,263,0,0,43956
284,Siskiyou,County,16,341,0,0,124,15563,5,352,-2,261,0,0,43956
285,Siskiyou,County,31,372,0,0,245,15808,27,379,14,275,0,0,43956
286,Siskiyou,County,17,389,0,0,223,16031,12,391,5,280,0,0,43956
287,Siskiyou,County,5,394,0,0,25,16056,2,393,12,292,0,0,43956
288,Siskiyou,County,13,407,0,0,22,16078,7,400,2,294,0,0,43956
289,Siskiyou,County,19,426,0,0,221,16299,24,424,0,294,0,0,43956
290,Siskiyou,County,27,453,0,0,272,16571,29,453,39,333,0,0,43956
291,Siskiyou,County,48,501,0,0,207,16778,30,483,18,351,0,0,43956
292,Siskiyou,County,32,533,0,0,225,17003,34,517,9,360,0,0,43956
293,Siskiyou,County,25,558,1,1,206,17209,38,555,27,387,0,0,43956
294,Siskiyou,County,13,571,0,1,43,17252,14,569,16,403,0,0,43956
295,Siskiyou,County,16,587,1,2,20,17272,6,575,8,411,0,0,43956
296,Siskiyou,County,32,619,0,2,230,17502,39,614,49,460,0,0,43956
297,Siskiyou,County,27,646,0,2,199,17701,34,648,13,473,1,1,43956
298,Siskiyou,County,18,664,0,2,179,17880,21,669,26,499,0,1,43956
299,Siskiyou,County,7,671,0,2,16,17896,7,676,27,526,0,1,43956
300,Siskiyou,County,10,681,0,2,100,17996,14,690,28,554,0,1,43956
301,Siskiyou,County,15,696,0,2,15,18011,6,696,4,558,0,1,43956
302,Siskiyou,County,10,706,1,3,31,18042,5,701,32,590,0,1,43956
303,Siskiyou,County,23,729,0,3,203,18245,26,727,15,605,0,1,43956
304,Siskiyou,County,9,738,1,4,136,18381,16,743,3,608,0,1,43956
305,Siskiyou,County,14,752,0,4,217,18598,21,764,16,624,0,1,43956
306,Siskiyou,County,16,768,0,4,172,18770,17,781,5,629,1,2,43956
307,Siskiyou,County,15,783,0,4,157,18927,14,795,10,639,0,2,43956
308,Siskiyou,County,7,790,1,5,15,18942,4,799,10,649,0,2,43956
309,Siskiyou,County,8,798,0,5,16,18958,1,800,3,652,0,2,43956
310,Siskiyou,County,18,816,0,5,168,19126,15,815,0,652,0,2,43956
311,Siskiyou,County,26,842,0,5,154,19280,33,848,52,704,0,2,43956
312,Siskiyou,County,14,856,0,5,167,19447,17,865,9,713,0,2,43956
313,Siskiyou,County,11,867,0,5,129,19576,14,879,-1,712,0,2,43956
314,Siskiyou,County,10,877,0,5,115,19691,10,889,41,753,0,2,43956
315,Siskiyou,County,7,884,0,5,17,19708,4,893,9,762,0,2,43956
316,Siskiyou,County,2,886,0,5,17,19725,2,895,0,762,0,2,43956
317,Siskiyou,County,12,898,1,6,139,19864,17,912,2,764,0,2,43956
318,Siskiyou,County,23,921,0,6,179,20043,29,941,48,812,0,2,43956
319,Siskiyou,County,9,930,0,6,114,20157,16,957,6,818,0,2,43956
320,Siskiyou,County,8,938,0,6,116,20273,6,963,9,827,0,2,43956
321,Siskiyou,County,7,945,0,6,107,20380,8,971,13,840,0,2,43956
322,Siskiyou,County,2,947,1,7,18,20398,2,973,13,853,0,2,43956
323,Siskiyou,County,3,950,0,7,26,20424,1,974,17,870,0,2,43956
324,Siskiyou,County,10,960,1,8,118,20542,14,988,8,878,0,2,43956
325,Siskiyou,County,8,968,0,8,88,20630,7,995,2,880,0,2,43956
326,Siskiyou,County,5,973,0,8,68,20698,4,999,11,891,0,2,43956
327,Siskiyou,County,20,993,0,8,32,20730,5,1004,9,900,0,2,43956
328,Siskiyou,County,4,997,0,8,5,20735,2,1006,5,905,0,2,43956
329,Siskiyou,County,6,1003,1,9,9,20744,1,1007,4,909,0,2,43956
330,Siskiyou,County,6,1009,0,9,13,20757,0,1007,5,914,1,3,43956
331,Siskiyou,County,11,1020,0,9,91,20848,13,1020,1,915,0,3,43956
332,Siskiyou,County,15,1035,0,9,119,20967,23,1043,11,926,0,3,43956
333,Siskiyou,County,15,1050,0,9,132,21099,16,1059,-13,913,0,3,43956
334,Siskiyou,County,7,1057,0,9,81,21180,7,1066,27,940,0,3,43956
335,Siskiyou,County,16,1073,1,10,12,21192,0,1066,4,944,0,3,43956
336,Siskiyou,County,14,1087,0,10,23,21215,3,1069,5,949,0,3,43956
337,Siskiyou,County,11,1098,0,10,26,21241,2,1071,27,976,0,3,43956
338,Siskiyou,County,33,1131,0,10,299,21540,46,1117,4,980,0,3,43956
339,Siskiyou,County,16,1147,0,10,164,21704,27,1144,5,985,0,3,43956
340,Siskiyou,County,12,1159,0,10,154,21858,16,1160,13,998,0,3,43956
341,Siskiyou,County,12,1171,0,10,149,22007,15,1175,12,1010,0,3,43956
342,Siskiyou,County,5,1176,0,10,121,22128,8,1183,17,1027,0,3,43956
343,Siskiyou,County,3,1179,0,10,20,22148,3,1186,35,1062,0,3,43956
344,Siskiyou,County,3,1182,0,10,17,22165,0,1186,13,1075,0,3,43956
345,Siskiyou,County,6,1188,0,10,138,22303,7,1193,12,1087,0,3,43956
346,Siskiyou,County,8,1196,0,10,151,22454,19,1212,4,1091,0,3,43956
347,Siskiyou,County,10,1206,0,10,123,22577,13,1225,11,1102,0,3,43956
348,Siskiyou,County,6,1212,0,10,116,22693,3,1228,6,1108,0,3,43956
349,Siskiyou,County,11,1223,0,10,145,22838,10,1238,11,1119,1,4,43956
350,Siskiyou,County,4,1227,0,10,24,22862,3,1241,5,1124,0,4,43956
351,Siskiyou,County,5,1232,0,10,26,22888,3,1244,12,1136,0,4,43956
352,Siskiyou,County,7,1239,0,10,74,22962,14,1258,8,1144,0,4,43956
353,Siskiyou,County,12,1251,0,10,147,23109,8,1266,5,1149,0,4,43956
354,Siskiyou,County,8,1259,0,10,130,23239,14,1280,14,1163,0,4,43956
355,Siskiyou,County,6,1265,0,10,94,23333,5,1285,15,1178,0,4,43956
356,Siskiyou,County,3,1268,0,10,74,23407,5,1290,4,1182,0,4,43956
357,Siskiyou,County,4,1272,0,10,26,23433,1,1291,8,1190,0,4,43956
358,Siskiyou,County,10,1282,0,10,22,23455,3,1294,5,1195,0,4,43956
359,Siskiyou,County,7,1289,0,10,120,23575,14,1308,10,1205,0,4,43956
360,Siskiyou,County,8,1297,0,10,86,23661,7,1315,3,1208,0,4,43956
361,Siskiyou,County,14,1311,0,10,53,23714,10,1325,6,1214,0,4,43956
362,Siskiyou,County,6,1317,0,10,69,23783,11,1336,4,1218,0,4,43956
363,Siskiyou,County,7,1324,0,10,93,23876,6,1342,9,1227,0,4,43956
364,Siskiyou,County,1,1325,0,10,11,23887,3,1345,9,1236,0,4,43956
365,Siskiyou,County,2,1327,0,10,16,23903,0,1345,2,1238,0,4,43956
366,Siskiyou,County,10,1337,0,10,118,24021,15,1360,0,1238,0,4,43956
367,Siskiyou,County,7,1344,0,10,101,24122,10,1370,14,1252,0,4,43956
368,Siskiyou,County,7,1351,0,10,106,24228,10,1380,16,1268,0,4,43956
369,Siskiyou,County,11,1362,0,10,89,24317,11,1391,5,1273,0,4,43956
370,Siskiyou,County,9,1371,0,10,101,24418,9,1400,3,1276,0,4,43956
371,Siskiyou,County,7,1378,0,10,23,24441,6,1406,13,1289,0,4,43956
372,Siskiyou,County,3,1381,0,10,23,24464,0,1406,6,1295,0,4,43956
373,Siskiyou,County,7,1388,0,10,182,24646,11,1417,8,1303,0,4,43956
374,Siskiyou,County,3,1391,0,10,98,24744,4,1421,3,1306,0,4,43956
375,Siskiyou,County,7,1398,0,10,187,24931,7,1428,8,1314,0,4,43956
376,Siskiyou,County,5,1403,0,10,82,25013,9,1437,6,1320,0,4,43956
377,Siskiyou,County,15,1418,0,10,110,25123,12,1449,4,1324,0,4,43956
378,Siskiyou,County,4,1422,0,10,18,25141,0,1449,12,1336,0,4,43956
379,Siskiyou,County,3,1425,0,10,17,25158,1,1450,4,1340,0,4,43956
380,Siskiyou,County,4,1429,0,10,85,25243,7,1457,5,1345,0,4,43956
381,Siskiyou,County,8,1437,0,10,83,25326,9,1466,6,1351,0,4,43956
382,Siskiyou,County,4,1441,0,10,177,25503,7,1473,1,1352,0,4,43956
383,Siskiyou,County,6,1447,0,10,105,25608,6,1479,7,1359,0,4,43956
384,Siskiyou,County,5,1452,0,10,95,25703,13,1492,4,1363,0,4,43956
385,Siskiyou,County,4,1456,0,10,27,25730,5,1497,3,1366,0,4,43956
386,Siskiyou,County,3,1459,0,10,19,25749,1,1498,5,1371,0,4,43956
387,Siskiyou,County,6,1465,0,10,100,25849,9,1507,2,1373,0,4,43956
388,Siskiyou,County,6,1471,1,11,73,25922,7,1514,7,1380,0,4,43956
389,Siskiyou,County,5,1476,0,11,219,26141,7,1521,5,1385,0,4,43956
390,Siskiyou,County,7,1483,0,11,108,26249,9,1530,5,1390,0,4,43956
391,Siskiyou,County,4,1487,0,11,91,26340,11,1541,11,1401,1,5,43956
392,Siskiyou,County,0,1487,0,11,12,26352,1,1542,6,1407,0,5,43956
393,Siskiyou,County,2,1489,0,11,33,26385,1,1543,1,1408,0,5,43956
394,Siskiyou,County,8,1497,0,11,222,26607,5,1548,0,1408,0,5,43956
395,Siskiyou,County,4,1501,0,11,100,26707,2,1550,4,1412,0,5,43956
396,Siskiyou,County,4,1505,0,11,144,26851,7,1557,12,1424,0,5,43956
397,Siskiyou,County,2,1507,0,11,118,26969,2,1559,3,1427,0,5,43956
398,Siskiyou,County,6,1513,0,11,111,27080,8,1567,2,1429,0,5,43956
399,Siskiyou,County,4,1517,0,11,24,27104,3,1570,3,1432,0,5,43956
400,Siskiyou,County,2,1519,0,11,18,27122,3,1573,3,1435,0,5,43956
401,Siskiyou,County,3,1522,0,11,104,27226,8,1581,5,1440,0,5,43956
402,Siskiyou,County,1,1523,0,11,67,27293,1,1582,7,1447,0,5,43956
403,Siskiyou,County,4,1527,0,11,69,27362,6,1588,11,1458,0,5,43956
404,Siskiyou,County,2,1529,0,11,116,27478,1,1589,8,1466,0,5,43956
405,Siskiyou,County,3,1532,2,13,101,27579,5,1594,2,1468,0,5,43956
406,Siskiyou,County,0,1532,0,13,19,27598,1,1595,2,1470,0,5,43956
407,Siskiyou,County,1,1533,0,13,23,27621,2,1597,3,1473,0,5,43956
408,Siskiyou,County,4,1537,0,13,128,27749,3,1600,2,1475,0,5,43956
409,Siskiyou,County,0,1537,0,13,67,27816,1,1601,2,1477,0,5,43956
410,Siskiyou,County,4,1541,0,13,182,27998,3,1604,2,1479,0,5,43956
411,Siskiyou,County,1,1542,0,13,87,28085,1,1605,1,1480,0,5,43956
412,Siskiyou,County,3,1545,0,13,72,28157,3,1608,0,1480,0,5,43956
413,Siskiyou,County,0,1545,0,13,15,28172,1,1609,3,1483,0,5,43956
414,Siskiyou,County,0,1545,0,13,18,28190,0,1609,3,1486,0,5,43956
415,Siskiyou,County,0,1545,0,13,141,28331,1,1610,1,1487,0,5,43956
416,Siskiyou,County,1,1546,0,13,75,28406,2,1612,-2,1485,1,6,43956
417,Siskiyou,County,5,1551,0,13,139,28545,7,1619,5,1490,0,6,43956
418,Siskiyou,County,2,1553,0,13,108,28653,0,1619,1,1491,0,6,43956
419,Siskiyou,County,2,1555,0,13,50,28703,2,1621,2,1493,0,6,43956
420,Siskiyou,County,0,1555,1,14,24,28727,2,1623,4,1497,0,6,43956
421,Siskiyou,County,0,1555,0,14,16,28743,0,1623,0,1497,0,6,43956
422,Siskiyou,County,0,1555,0,14,198,28941,1,1624,0,1497,0,6,43956
423,Siskiyou,County,1,1556,0,14,77,29018,2,1626,4,1501,1,7,43956
424,Siskiyou,County,1,1557,0,14,164,29182,2,1628,4,1505,0,7,43956
425,Siskiyou,County,1,1558,0,14,101,29283,0,1628,2,1507,0,7,43956
243,Solano,County,42,6535,0,83,1415,156888,39,6817,37,6352,1,52,444255
244,Solano,County,38,6573,1,84,1828,158716,33,6850,33,6385,0,52,444255
245,Solano,County,30,6603,0,84,497,159213,15,6865,34,6419,0,52,444255
246,Solano,County,26,6629,0,84,509,159722,21,6886,26,6445,0,52,444255
247,Solano,County,51,6680,1,85,1828,161550,64,6950,30,6475,0,52,444255
248,Solano,County,39,6719,0,85,1973,163523,47,6997,31,6506,0,52,444255
249,Solano,County,46,6765,0,85,2053,165576,48,7045,20,6526,1,53,444255
250,Solano,County,35,6800,0,85,1578,167154,36,7081,30,6556,0,53,444255
251,Solano,County,24,6824,0,85,1827,168981,43,7124,58,6614,0,53,444255
252,Solano,County,39,6863,0,85,378,169359,17,7141,41,6655,0,53,444255
253,Solano,County,26,6889,0,85,472,169831,17,7158,30,6685,0,53,444255
254,Solano,County,54,6943,0,85,1909,171740,58,7216,57,6742,2,55,444255
255,Solano,County,39,6982,0,85,1666,173406,29,7245,19,6761,0,55,444255
256,Solano,County,35,7017,0,85,1986,175392,42,7287,25,6786,0,55,444255
257,Solano,County,56,7073,0,85,1721,177113,54,7341,44,6830,0,55,444255
258,Solano,County,39,7112,0,85,1998,179111,48,7389,49,6879,0,55,444255
259,Solano,County,23,7135,1,86,546,179657,27,7416,50,6929,2,57,444255
260,Solano,County,26,7161,0,86,346,180003,13,7429,33,6962,0,57,444255
261,Solano,County,47,7208,1,87,1966,181969,56,7485,41,7003,0,57,444255
262,Solano,County,41,7249,1,88,1804,183773,46,7531,41,7044,0,57,444255
263,Solano,County,49,7298,0,88,2058,185831,33,7564,44,7088,2,59,444255
264,Solano,County,45,7343,1,89,1783,187614,39,7603,28,7116,0,59,444255
265,Solano,County,46,7389,0,89,1830,189444,48,7651,58,7174,0,59,444255
266,Solano,County,31,7420,0,89,392,189836,15,7666,15,7189,1,60,444255
267,Solano,County,53,7473,0,89,533,190369,24,7690,8,7197,0,60,444255
268,Solano,County,77,7550,0,89,2225,192594,76,7766,74,7271,2,62,444255
269,Solano,County,80,7630,0,89,1995,194589,77,7843,27,7298,15,77,444255
270,Solano,County,69,7699,1,90,2251,196840,62,7905,64,7362,0,77,444255
271,Solano,County,59,7758,0,90,2060,198900,57,7962,91,7453,1,78,444255
272,Solano,County,63,7821,1,91,1765,200665,58,8020,44,7497,6,84,444255
273,Solano,County,61,7882,1,92,638,201303,32,8052,48,7545,0,84,444255
274,Solano,County,64,7946,0,92,707,202010,35,8087,46,7591,0,84,444255
275,Solano,County,90,8036,1,93,2224,204234,82,8169,74,7665,0,84,444255
276,Solano,County,118,8154,0,93,2241,206475,125,8294,26,7691,1,85,444255
277,Solano,County,83,8237,0,93,2191,208666,100,8394,42,7733,0,85,444255
278,Solano,County,99,8336,0,93,2238,210904,111,8505,109,7842,0,85,444255
279,Solano,County,83,8419,0,93,1721,212625,98,8603,117,7959,0,85,444255
280,Solano,County,65,8484,1,94,533,213158,43,8646,107,8066,0,85,444255
281,Solano,County,52,8536,0,94,791,213949,33,8679,66,8132,0,85,444255
282,Solano,County,121,8657,0,94,2756,216705,126,8805,122,8254,0,85,444255
283,Solano,County,116,8773,0,94,2700,219405,107,8912,45,8299,0,85,444255
284,Solano,County,98,8871,0,94,1898,221303,97,9009,54,8353,0,85,444255
285,Solano,County,117,8988,0,94,2949,224252,124,9133,64,8417,0,85,444255
286,Solano,County,100,9088,1,95,2402,226654,97,9230,108,8525,-1,84,444255
287,Solano,County,91,9179,0,95,750,227404,58,9288,130,8655,0,84,444255
288,Solano,County,80,9259,0,95,782,228186,33,9321,58,8713,0,84,444255
289,Solano,County,161,9420,0,95,2969,231155,159,9480,114,8827,0,84,444255
290,Solano,County,198,9618,1,96,3027,234182,206,9686,78,8905,0,84,444255
291,Solano,County,145,9763,0,96,3029,237211,142,9828,89,8994,0,84,444255
292,Solano,County,132,9895,1,97,3138,240349,153,9981,99,9093,0,84,444255
293,Solano,County,137,10032,1,98,3533,243882,136,10117,123,9216,1,85,444255
294,Solano,County,91,10123,1,99,841,244723,72,10189,74,9290,1,86,444255
295,Solano,County,89,10212,1,100,927,245650,49,10238,73,9363,0,86,444255
296,Solano,County,170,10382,1,101,3862,249512,161,10399,31,9394,0,86,444255
297,Solano,County,157,10539,0,101,3416,252928,153,10552,322,9716,0,86,444255
298,Solano,County,171,10710,1,102,3331,256259,189,10741,116,9832,1,87,444255
299,Solano,County,105,10815,1,103,980,257239,79,10820,109,9941,0,87,444255
300,Solano,County,143,10958,2,105,2237,259476,137,10957,103,10044,0,87,444255
301,Solano,County,119,11077,1,106,810,260286,93,11050,208,10252,0,87,444255
302,Solano,County,119,11196,0,106,973,261259,101,11151,141,10393,0,87,444255
303,Solano,County,232,11428,1,107,4892,266151,229,11380,-1,10392,0,87,444255
304,Solano,County,262,11690,2,109,4305,270456,286,11666,212,10604,0,87,444255
305,Solano,County,258,11948,2,111,3730,274186,233,11899,97,10701,0,87,444255
306,Solano,County,245,12193,1,112,4077,278263,261,12160,156,10857,0,87,444255
307,Solano,County,211,12404,0,112,3062,281325,253,12413,180,11037,0,87,444255
308,Solano,County,146,12550,2,114,1339,282664,148,12561,314,11351,0,87,444255
309,Solano,County,169,12719,1,115,1838,284502,127,12688,3,11354,1,88,444255
310,Solano,County,288,13007,0,115,5370,289872,351,13039,0,11354,1,89,444255
311,Solano,County,339,13346,0,115,4487,294359,365,13404,315,11669,0,89,444255
312,Solano,County,403,13749,0,115,4416,298775,420,13824,193,11862,1,90,444255
313,Solano,County,346,14095,0,115,3153,301928,320,14144,155,12017,0,90,444255
314,Solano,County,367,14462,0,115,3112,305040,319,14463,537,12554,2,92,444255
315,Solano,County,186,14648,0,115,925,305965,131,14594,194,12748,1,93,444255
316,Solano,County,197,14845,2,117,1517,307482,165,14759,528,13276,0,93,444255
317,Solano,County,439,15284,1,118,5017,312499,447,15206,76,13352,0,93,444255
318,Solano,County,364,15648,3,121,3836,316335,413,15619,444,13796,2,95,444255
319,Solano,County,349,15997,0,121,5269,321604,419,16038,361,14157,1,96,444255
320,Solano,County,465,16462,2,123,4771,326375,519,16557,204,14361,0,96,444255
321,Solano,County,307,16769,0,123,3654,330029,346,16903,306,14667,-1,95,444255
322,Solano,County,152,16921,0,123,1191,331220,187,17090,537,15204,0,95,444255
323,Solano,County,166,17087,1,124,1029,332249,131,17221,329,15533,0,95,444255
324,Solano,County,378,17465,0,124,5242,337491,438,17659,345,15878,0,95,444255
325,Solano,County,471,17936,4,128,6283,343774,547,18206,351,16229,0,95,444255
326,Solano,County,404,18340,1,129,5356,349130,483,18689,397,16626,0,95,444255
327,Solano,County,207,18547,1,130,2076,351206,212,18901,246,16872,1,96,444255
328,Solano,County,141,18688,2,132,690,351896,88,18989,408,17280,0,96,444255
329,Solano,County,170,18858,0,132,1095,352991,133,19122,248,17528,0,96,444255
330,Solano,County,240,19098,1,133,2135,355126,183,19305,312,17840,0,96,444255
331,Solano,County,493,19591,3,136,4786,359912,560,19865,331,18171,0,96,444255
332,Solano,County,574,20165,1,137,5549,365461,650,20515,241,18412,0,96,444255
333,Solano,County,381,20546,1,138,3960,369421,444,20959,-112,18300,0,96,444255
334,Solano,County,396,20942,1,139,3539,372960,501,21460,642,18942,1,97,444255
335,Solano,County,228,21170,1,140,908,373868,157,21617,451,19393,0,97,444255
336,Solano,County,212,21382,4,144,1506,375374,215,21832,412,19805,0,97,444255
337,Solano,County,197,21579,2,146,1311,376685,154,21986,300,20105,0,97,444255
338,Solano,County,533,22112,2,148,4561,381246,533,22519,483,20588,0,97,444255
339,Solano,County,505,22617,2,150,4975,386221,572,23091,272,20860,0,97,444255
340,Solano,County,406,23023,1,151,4285,390506,427,23518,242,21102,2,99,444255
341,Solano,County,387,23410,3,154,3966,394472,440,23958,282,21384,1,100,444255
342,Solano,County,394,23804,3,157,3733,398205,384,24342,448,21832,0,100,444255
343,Solano,County,168,23972,0,157,1049,399254,178,24520,394,22226,1,101,444255
344,Solano,County,155,24127,1,158,1143,400397,117,24637,395,22621,0,101,444255
345,Solano,County,400,24527,5,163,5030,405427,475,25112,272,22893,0,101,444255
346,Solano,County,320,24847,1,164,4324,409751,410,25522,267,23160,1,102,444255
347,Solano,County,303,25150,5,169,4262,414013,357,25879,343,23503,3,105,444255
348,Solano,County,279,25429,2,171,3840,417853,333,26212,279,23782,-2,103,444255
349,Solano,County,261,25690,3,174,2866,420719,302,26514,440,24222,0,103,444255
350,Solano,County,149,25839,1,175,1089,421808,159,26673,510,24732,0,103,444255
351,Solano,County,105,25944,4,179,826,422634,84,26757,484,25216,2,105,444255
352,Solano,County,231,26175,1,180,3325,425959,225,26982,128,25344,0,105,444255
353,Solano,County,286,26461,1,181,4647,430606,331,27313,176,25520,1,106,444255
354,Solano,County,247,26708,4,185,4336,434942,256,27569,139,25659,0,106,444255
355,Solano,County,194,26902,2,187,3133,438075,204,27773,226,25885,0,106,444255
356,Solano,County,181,27083,4,191,3474,441549,228,28001,163,26048,1,107,444255
357,Solano,County,89,27172,4,195,986,442535,108,28109,213,26261,0,107,444255
358,Solano,County,94,27266,0,195,1212,443747,72,28181,254,26515,2,109,444255
359,Solano,County,188,27454,3,198,3849,447596,202,28383,133,26648,0,109,444255
360,Solano,County,169,27623,1,199,3697,451293,174,28557,210,26858,1,110,444255
361,Solano,County,156,27779,3,202,3152,454445,133,28690,124,26982,2,112,444255
362,Solano,County,177,27956,5,207,3451,457896,217,28907,181,27163,2,114,444255
363,Solano,County,160,28116,1,208,2664,460560,179,29086,189,27352,2,116,444255
364,Solano,County,86,28202,5,213,1294,461854,83,29169,159,27511,2,118,444255
365,Solano,County,83,28285,2,215,1186,463040,57,29226,167,27678,0,118,444255
366,Solano,County,130,28415,1,216,4005,467045,152,29378,166,27844,-1,117,444255
367,Solano,County,105,28520,4,220,3602,470647,151,29529,119,27963,1,118,444255
368,Solano,County,96,28616,2,222,3761,474408,135,29664,94,28057,1,119,444255
369,Solano,County,122,28738,1,223,3576,477984,143,29807,135,28192,1,120,444255
370,Solano,County,103,28841,2,225,2456,480440,129,29936,91,28283,7,127,444255
371,Solano,County,50,28891,2,227,1335,481775,55,29991,163,28446,2,129,444255
372,Solano,County,36,28927,1,228,972,482747,34,30025,121,28567,1,130,444255
373,Solano,County,110,29037,2,230,4305,487052,147,30172,77,28644,0,130,444255
374,Solano,County,63,29100,0,230,3820,490872,79,30251,125,28769,1,131,444255
375,Solano,County,76,29176,1,231,3197,494069,98,30349,66,28835,6,137,444255
376,Solano,County,74,29250,3,234,2999,497068,95,30444,50,28885,1,138,444255
377,Solano,County,52,29302,1,235,2031,499099,75,30519,111,28996,9,147,444255
378,Solano,County,32,29334,0,235,701,499800,56,30575,88,29084,1,148,444255
379,Solano,County,36,29370,1,236,768,500568,28,30603,66,29150,0,148,444255
380,Solano,County,38,29408,0,236,1976,502544,41,30644,75,29225,0,148,444255
381,Solano,County,55,29463,1,237,4039,506583,79,30723,21,29246,0,148,444255
382,Solano,County,40,29503,0,237,3040,509623,45,30768,42,29288,1,149,444255
383,Solano,County,55,29558,0,237,2891,512514,56,30824,61,29349,1,150,444255
384,Solano,County,27,29585,0,237,2011,514525,40,30864,34,29383,0,150,444255
385,Solano,County,31,29616,3,240,1001,515526,36,30900,57,29440,0,150,444255
386,Solano,County,15,29631,0,240,604,516130,19,30919,31,29471,0,150,444255
387,Solano,County,57,29688,1,241,3303,519433,58,30977,37,29508,0,150,444255
388,Solano,County,39,29727,0,241,2630,522063,44,31021,37,29545,4,154,444255
389,Solano,County,40,29767,0,241,2989,525052,41,31062,32,29577,4,158,444255
390,Solano,County,39,29806,0,241,2341,527393,46,31108,39,29616,3,161,444255
391,Solano,County,32,29838,1,242,1906,529299,40,31148,35,29651,4,165,444255
392,Solano,County,34,29872,0,242,733,530032,39,31187,67,29718,0,165,444255
393,Solano,County,28,29900,1,243,663,530695,26,31213,40,29758,1,166,444255
394,Solano,County,56,29956,1,244,3061,533756,58,31271,21,29779,0,166,444255
395,Solano,County,43,29999,0,244,2718,536474,56,31327,48,29827,1,167,444255
396,Solano,County,33,30032,2,246,2612,539086,49,31376,39,29866,0,167,444255
397,Solano,County,36,30068,1,247,2133,541219,52,31428,39,29905,1,168,444255
398,Solano,County,27,30095,1,248,2017,543236,32,31460,46,29951,0,168,444255
399,Solano,County,17,30112,0,248,666,543902,14,31474,49,30000,1,169,444255
400,Solano,County,29,30141,1,249,657,544559,26,31500,27,30027,0,169,444255
401,Solano,County,37,30178,1,250,2988,547547,59,31559,41,30068,0,169,444255
402,Solano,County,40,30218,0,250,2702,550249,36,31595,22,30090,0,169,444255
403,Solano,County,36,30254,0,250,2183,552432,33,31628,21,30111,1,170,444255
404,Solano,County,30,30284,0,250,2237,554669,30,31658,27,30138,1,171,444255
405,Solano,County,27,30311,0,250,1801,556470,41,31699,42,30180,0,171,444255
406,Solano,County,19,30330,0,250,638,557108,19,31718,18,30198,0,171,444255
407,Solano,County,17,30347,0,250,517,557625,10,31728,32,30230,0,171,444255
408,Solano,County,32,30379,0,250,3222,560847,43,31771,28,30258,0,171,444255
409,Solano,County,29,30408,0,250,2639,563486,38,31809,40,30298,0,171,444255
410,Solano,County,34,30442,0,250,2339,565825,42,31851,22,30320,0,171,444255
411,Solano,County,26,30468,0,250,1941,567766,34,31885,32,30352,1,172,444255
412,Solano,County,42,30510,0,250,1851,569617,41,31926,43,30395,0,172,444255
413,Solano,County,30,30540,0,250,647,570264,21,31947,44,30439,-2,170,444255
414,Solano,County,30,30570,1,251,518,570782,18,31965,35,30474,1,171,444255
415,Solano,County,40,30610,0,251,3003,573785,63,32028,16,30490,0,171,444255
416,Solano,County,39,30649,0,251,2509,576294,41,32069,34,30524,7,178,444255
417,Solano,County,41,30690,0,251,2416,578710,52,32121,28,30552,0,178,444255
418,Solano,County,37,30727,0,251,2107,580817,49,32170,31,30583,15,193,444255
419,Solano,County,60,30787,1,252,1838,582655,65,32235,57,30640,12,205,444255
420,Solano,County,25,30812,0,252,806,583461,25,32260,29,30669,27,232,444255
421,Solano,County,28,30840,0,252,593,584054,21,32281,50,30719,0,232,444255
422,Solano,County,37,30877,0,252,2920,586974,54,32335,43,30762,0,232,444255
423,Solano,County,39,30916,0,252,3032,590006,38,32373,40,30802,0,232,444255
424,Solano,County,29,30945,0,252,2118,592124,31,32404,22,30824,3,235,444255
425,Solano,County,46,30991,0,252,2124,594248,38,32442,26,30850,2,237,444255
243,Sonoma,County,89,8086,0,113,1799,193973,97,8771,75,7569,0,125,496668
244,Sonoma,County,67,8153,1,114,1790,195763,75,8846,93,7662,0,125,496668
245,Sonoma,County,57,8210,0,114,862,196625,57,8903,85,7747,4,129,496668
246,Sonoma,County,43,8253,0,114,389,197014,11,8914,47,7794,0,129,496668
247,Sonoma,County,88,8341,1,115,2224,199238,123,9037,23,7817,1,130,496668
248,Sonoma,County,92,8433,2,117,2636,201874,129,9166,78,7895,0,130,496668
249,Sonoma,County,92,8525,0,117,2255,204129,98,9264,98,7993,0,130,496668
250,Sonoma,County,77,8602,0,117,2247,206376,96,9360,70,8063,2,132,496668
251,Sonoma,County,66,8668,0,117,2329,208705,74,9434,70,8133,1,133,496668
252,Sonoma,County,54,8722,0,117,864,209569,31,9465,102,8235,0,133,496668
253,Sonoma,County,20,8742,0,117,270,209839,10,9475,84,8319,0,133,496668
254,Sonoma,County,57,8799,0,117,2306,212145,79,9554,58,8377,0,133,496668
255,Sonoma,County,71,8870,2,119,2484,214629,94,9648,79,8456,0,133,496668
256,Sonoma,County,83,8953,0,119,2520,217149,125,9773,58,8514,0,133,496668
257,Sonoma,County,53,9006,1,120,1796,218945,62,9835,57,8571,0,133,496668
258,Sonoma,County,92,9098,0,120,2059,221004,103,9938,81,8652,0,133,496668
259,Sonoma,County,56,9154,3,123,832,221836,65,10003,73,8725,1,134,496668
260,Sonoma,County,43,9197,0,123,330,222166,13,10016,56,8781,0,134,496668
261,Sonoma,County,76,9273,1,124,2466,224632,85,10101,49,8830,1,135,496668
262,Sonoma,County,87,9360,1,125,2424,227056,92,10193,74,8904,0,135,496668
263,Sonoma,County,63,9423,1,126,2457,229513,74,10267,83,8987,3,138,496668
264,Sonoma,County,80,9503,1,127,2099,231612,108,10375,65,9052,1,139,496668
265,Sonoma,County,66,9569,0,127,1920,233532,91,10466,60,9112,0,139,496668
266,Sonoma,County,56,9625,1,128,807,234339,44,10510,67,9179,1,140,496668
267,Sonoma,County,34,9659,0,128,296,234635,6,10516,56,9235,0,140,496668
268,Sonoma,County,93,9752,1,129,2743,237378,130,10646,80,9315,0,140,496668
269,Sonoma,County,80,9832,0,129,2480,239858,81,10727,74,9389,0,140,496668
270,Sonoma,County,67,9899,0,129,2328,242186,71,10798,68,9457,0,140,496668
271,Sonoma,County,91,9990,0,129,2522,244708,93,10891,76,9533,0,140,496668
272,Sonoma,County,64,10054,3,132,2083,246791,108,10999,69,9602,0,140,496668
273,Sonoma,County,74,10128,0,132,958,247749,54,11053,46,9648,0,140,496668
274,Sonoma,County,53,10181,1,133,434,248183,8,11061,40,9688,0,140,496668
275,Sonoma,County,92,10273,2,135,2603,250786,106,11167,108,9796,0,140,496668
276,Sonoma,County,84,10357,2,137,2671,253457,115,11282,110,9906,2,142,496668
277,Sonoma,County,102,10459,1,138,2923,256380,102,11384,59,9965,0,142,496668
278,Sonoma,County,94,10553,0,138,2295,258675,126,11510,99,10064,3,145,496668
279,Sonoma,County,112,10665,0,138,2393,261068,131,11641,78,10142,4,149,496668
280,Sonoma,County,50,10715,0,138,957,262025,51,11692,58,10200,0,149,496668
281,Sonoma,County,46,10761,2,140,470,262495,10,11702,29,10229,0,149,496668
282,Sonoma,County,107,10868,0,140,3118,265613,137,11839,81,10310,1,150,496668
283,Sonoma,County,108,10976,1,141,2762,268375,128,11967,104,10414,0,150,496668
284,Sonoma,County,87,11063,0,141,2597,270972,90,12057,84,10498,0,150,496668
285,Sonoma,County,74,11137,0,141,2640,273612,103,12160,104,10602,1,151,496668
286,Sonoma,County,102,11239,0,141,2743,276355,124,12284,83,10685,0,151,496668
287,Sonoma,County,61,11300,2,143,959,277314,38,12322,84,10769,3,154,496668
288,Sonoma,County,53,11353,0,143,523,277837,17,12339,64,10833,0,154,496668
289,Sonoma,County,120,11473,0,143,3088,280925,165,12504,128,10961,1,155,496668
290,Sonoma,County,91,11564,3,146,3006,283931,94,12598,123,11084,0,155,496668
291,Sonoma,County,134,11698,0,146,3477,287408,128,12726,45,11129,0,155,496668
292,Sonoma,County,107,11805,1,147,3116,290524,105,12831,76,11205,1,156,496668
293,Sonoma,County,170,11975,1,148,3132,293656,164,12995,111,11316,2,158,496668
294,Sonoma,County,84,12059,1,149,1315,294971,86,13081,78,11394,0,158,496668
295,Sonoma,County,75,12134,0,149,955,295926,46,13127,21,11415,1,159,496668
296,Sonoma,County,158,12292,1,150,3658,299584,156,13283,92,11507,1,160,496668
297,Sonoma,County,173,12465,0,150,2842,302426,162,13445,137,11644,2,162,496668
298,Sonoma,County,180,12645,0,150,3192,305618,180,13625,131,11775,0,162,496668
299,Sonoma,County,63,12708,0,150,269,305887,17,13642,147,11922,0,162,496668
300,Sonoma,County,148,12856,0,150,1968,307855,161,13803,2,11924,0,162,496668
301,Sonoma,County,132,12988,1,151,1389,309244,107,13910,84,12008,0,162,496668
302,Sonoma,County,103,13091,1,152,543,309787,32,13942,44,12052,1,163,496668
303,Sonoma,County,253,13344,0,152,3810,313597,271,14213,180,12232,0,163,496668
304,Sonoma,County,246,13590,1,153,4174,317771,262,14475,259,12491,0,163,496668
305,Sonoma,County,205,13795,1,154,3739,321510,227,14702,144,12635,0,163,496668
306,Sonoma,County,240,14035,0,154,3217,324727,259,14961,137,12772,1,164,496668
307,Sonoma,County,244,14279,1,155,3616,328343,264,15225,190,12962,0,164,496668
308,Sonoma,County,148,14427,1,156,1358,329701,133,15358,175,13137,0,164,496668
309,Sonoma,County,96,14523,0,156,869,330570,52,15410,101,13238,0,164,496668
310,Sonoma,County,290,14813,0,156,4275,334845,339,15749,138,13376,0,164,496668
311,Sonoma,County,287,15100,0,156,4493,339338,305,16054,225,13601,0,164,496668
312,Sonoma,County,261,15361,1,157,4092,343430,308,16362,393,13994,0,164,496668
313,Sonoma,County,256,15617,2,159,3564,346994,311,16673,288,14282,3,167,496668
314,Sonoma,County,255,15872,0,159,3811,350805,326,16999,16,14298,-1,166,496668
315,Sonoma,County,166,16038,1,160,1337,352142,151,17150,168,14466,0,166,496668
316,Sonoma,County,120,16158,0,160,938,353080,80,17230,29,14495,1,167,496668
317,Sonoma,County,315,16473,0,160,4714,357794,330,17560,312,14807,0,167,496668
318,Sonoma,County,307,16780,4,164,4976,362770,356,17916,599,15406,0,167,496668
319,Sonoma,County,222,17002,2,166,4134,366904,278,18194,362,15768,3,170,496668
320,Sonoma,County,256,17258,0,166,3774,370678,317,18511,225,15993,1,171,496668
321,Sonoma,County,272,17530,4,170,3908,374586,287,18798,268,16261,2,173,496668
322,Sonoma,County,120,17650,3,173,1311,375897,131,18929,292,16553,2,175,496668
323,Sonoma,County,108,17758,1,174,896,376793,63,18992,249,16802,0,175,496668
324,Sonoma,County,275,18033,0,174,4962,381755,352,19344,273,17075,1,176,496668
325,Sonoma,County,275,18308,1,175,5034,386789,355,19699,141,17216,4,180,496668
326,Sonoma,County,318,18626,3,178,4026,390815,352,20051,181,17397,2,182,496668
327,Sonoma,County,204,18830,2,180,1911,392726,155,20206,313,17710,1,183,496668
328,Sonoma,County,98,18928,2,182,252,392978,30,20236,325,18035,1,184,496668
329,Sonoma,County,177,19105,6,188,1191,394169,112,20348,226,18261,0,184,496668
330,Sonoma,County,201,19306,2,190,1368,395537,130,20478,226,18487,1,185,496668
331,Sonoma,County,289,19595,0,190,4736,400273,415,20893,180,18667,0,185,496668
332,Sonoma,County,346,19941,4,194,4884,405157,403,21296,123,18790,2,187,496668
333,Sonoma,County,337,20278,5,199,4178,409335,362,21658,157,18947,4,191,496668
334,Sonoma,County,259,20537,3,202,2788,412123,271,21929,182,19129,-3,188,496668
335,Sonoma,County,117,20654,2,204,312,412435,34,21963,384,19513,1,189,496668
336,Sonoma,County,190,20844,4,208,1459,413894,169,22132,248,19761,5,194,496668
337,Sonoma,County,158,21002,0,208,1140,415034,99,22231,221,19982,-1,193,496668
338,Sonoma,County,390,21392,1,209,4691,419725,464,22695,228,20210,1,194,496668
339,Sonoma,County,343,21735,6,215,5078,424803,445,23140,37,20247,0,194,496668
340,Sonoma,County,364,22099,1,216,4439,429242,433,23573,311,20558,2,196,496668
341,Sonoma,County,305,22404,2,218,3999,433241,376,23949,299,20857,4,200,496668
342,Sonoma,County,261,22665,3,221,3436,436677,349,24298,321,21178,1,201,496668
343,Sonoma,County,139,22804,5,226,1051,437728,110,24408,215,21393,1,202,496668
344,Sonoma,County,121,22925,2,228,956,438684,74,24482,532,21925,2,204,496668
345,Sonoma,County,273,23198,1,229,4964,443648,389,24871,266,22191,1,205,496668
346,Sonoma,County,247,23445,3,232,4872,448520,333,25204,212,22403,0,205,496668
347,Sonoma,County,303,23748,3,235,3476,451996,319,25523,207,22610,1,206,496668
348,Sonoma,County,248,23996,2,237,3161,455157,276,25799,300,22910,-4,202,496668
349,Sonoma,County,235,24231,2,239,3114,458271,290,26089,294,23204,20,222,496668
350,Sonoma,County,132,24363,4,243,1127,459398,103,26192,403,23607,1,223,496668
351,Sonoma,County,84,24447,1,244,901,460299,56,26248,264,23871,0,223,496668
352,Sonoma,County,157,24604,1,245,3185,463484,215,26463,197,24068,0,223,496668
353,Sonoma,County,271,24875,1,246,4478,467962,322,26785,65,24133,0,223,496668
354,Sonoma,County,179,25054,4,250,2943,470905,216,27001,129,24262,0,223,496668
355,Sonoma,County,147,25201,1,251,3122,474027,178,27179,178,24440,7,230,496668
356,Sonoma,County,142,25343,1,252,3160,477187,192,27371,219,24659,2,232,496668
357,Sonoma,County,79,25422,1,253,1269,478456,62,27433,131,24790,0,232,496668
358,Sonoma,County,76,25498,3,256,755,479211,42,27475,255,25045,1,233,496668
359,Sonoma,County,190,25688,2,258,3998,483209,241,27716,115,25160,0,233,496668
360,Sonoma,County,111,25799,1,259,3266,486475,139,27855,113,25273,3,236,496668
361,Sonoma,County,121,25920,1,260,2466,488941,149,28004,88,25361,1,237,496668
362,Sonoma,County,98,26018,1,261,2486,491427,122,28126,203,25564,-1,236,496668
363,Sonoma,County,94,26112,2,263,2444,493871,136,28262,146,25710,7,243,496668
364,Sonoma,County,63,26175,5,268,813,494684,46,28308,100,25810,0,243,496668
365,Sonoma,County,50,26225,1,269,733,495417,45,28353,115,25925,0,243,496668
366,Sonoma,County,101,26326,4,273,3620,499037,156,28509,86,26011,0,243,496668
367,Sonoma,County,89,26415,2,275,3407,502444,113,28622,43,26054,4,247,496668
368,Sonoma,County,117,26532,0,275,3131,505575,146,28768,101,26155,1,248,496668
369,Sonoma,County,83,26615,1,276,3156,508731,101,28869,121,26276,1,249,496668
370,Sonoma,County,82,26697,0,276,2652,511383,104,28973,147,26423,3,252,496668
371,Sonoma,County,68,26765,0,276,1276,512659,48,29021,141,26564,5,257,496668
372,Sonoma,County,36,26801,0,276,701,513360,24,29045,120,26684,0,257,496668
373,Sonoma,County,106,26907,2,278,3426,516786,159,29204,76,26760,2,259,496668
374,Sonoma,County,88,26995,4,282,3333,520119,104,29308,66,26826,8,267,496668
375,Sonoma,County,92,27087,5,287,2491,522610,108,29416,55,26881,4,271,496668
376,Sonoma,County,91,27178,4,291,2453,525063,114,29530,90,26971,1,272,496668
377,Sonoma,County,83,27261,2,293,2292,527355,154,29684,93,27064,3,275,496668
378,Sonoma,County,56,27317,0,293,818,528173,38,29722,93,27157,1,276,496668
379,Sonoma,County,46,27363,1,294,546,528719,26,29748,109,27266,0,276,496668
380,Sonoma,County,77,27440,0,294,1967,530686,80,29828,93,27359,0,276,496668
381,Sonoma,County,87,27527,1,295,3455,534141,126,29954,21,27380,3,279,496668
382,Sonoma,County,63,27590,1,296,2974,537115,94,30048,28,27408,2,281,496668
383,Sonoma,County,73,27663,0,296,2809,539924,91,30139,104,27512,0,281,496668
384,Sonoma,County,68,27731,0,296,2449,542373,88,30227,83,27595,-1,280,496668
385,Sonoma,County,48,27779,0,296,1080,543453,40,30267,108,27703,-2,278,496668
386,Sonoma,County,30,27809,1,297,668,544121,26,30293,90,27793,0,278,496668
387,Sonoma,County,66,27875,2,299,3181,547302,103,30396,52,27845,0,278,496668
388,Sonoma,County,45,27920,1,300,2859,550161,71,30467,37,27882,0,278,496668
389,Sonoma,County,43,27963,0,300,2370,552531,48,30515,72,27954,0,278,496668
390,Sonoma,County,65,28028,0,300,2343,554874,84,30599,50,28004,0,278,496668
391,Sonoma,County,54,28082,1,301,2146,557020,91,30690,59,28063,2,280,496668
392,Sonoma,County,29,28111,0,301,777,557797,25,30715,78,28141,1,281,496668
393,Sonoma,County,44,28155,0,301,633,558430,21,30736,52,28193,-2,279,496668
394,Sonoma,County,63,28218,1,302,3261,561691,100,30836,29,28222,-1,278,496668
395,Sonoma,County,48,28266,1,303,3105,564796,55,30891,39,28261,1,279,496668
396,Sonoma,County,55,28321,1,304,2979,567775,78,30969,46,28307,0,279,496668
397,Sonoma,County,39,28360,1,305,2648,570423,51,31020,72,28379,0,279,496668
398,Sonoma,County,55,28415,1,306,2337,572760,63,31083,38,28417,0,279,496668
399,Sonoma,County,26,28441,1,307,1050,573810,23,31106,67,28484,5,284,496668
400,Sonoma,County,23,28464,2,309,613,574423,24,31130,49,28533,0,284,496668
401,Sonoma,County,49,28513,0,309,2886,577309,57,31187,38,28571,0,284,496668
402,Sonoma,County,44,28557,0,309,3282,580591,55,31242,30,28601,0,284,496668
403,Sonoma,County,50,28607,0,309,2349,582940,45,31287,37,28638,2,286,496668
404,Sonoma,County,35,28642,0,309,1923,584863,54,31341,39,28677,-1,285,496668
405,Sonoma,County,29,28671,0,309,1892,586755,45,31386,37,28714,0,285,496668
406,Sonoma,County,27,28698,0,309,718,587473,22,31408,48,28762,0,285,496668
407,Sonoma,County,20,28718,0,309,614,588087,19,31427,36,28798,-1,284,496668
408,Sonoma,County,34,28752,0,309,2989,591076,49,31476,16,28814,1,285,496668
409,Sonoma,County,18,28770,0,309,3196,594272,46,31522,36,28850,6,291,496668
410,Sonoma,County,32,28802,0,309,2808,597080,29,31551,27,28877,1,292,496668
411,Sonoma,County,24,28826,0,309,2091,599171,25,31576,38,28915,0,292,496668
412,Sonoma,County,22,28848,0,309,2104,601275,40,31616,17,28932,0,292,496668
413,Sonoma,County,21,28869,0,309,1060,602335,17,31633,30,28962,17,309,496668
414,Sonoma,County,15,28884,0,309,520,602855,15,31648,24,28986,1,310,496668
415,Sonoma,County,29,28913,0,309,2695,605550,31,31679,24,29010,0,310,496668
416,Sonoma,County,29,28942,0,309,2665,608215,45,31724,10,29020,0,310,496668
417,Sonoma,County,36,28978,0,309,2222,610437,46,31770,14,29034,0,310,496668
418,Sonoma,County,19,28997,1,310,1662,612099,21,31791,26,29060,0,310,496668
419,Sonoma,County,34,29031,0,310,1716,613815,33,31824,41,29101,0,310,496668
420,Sonoma,County,16,29047,0,310,723,614538,12,31836,32,29133,0,310,496668
421,Sonoma,County,15,29062,0,310,605,615143,11,31847,28,29161,0,310,496668
422,Sonoma,County,35,29097,0,310,2589,617732,39,31886,23,29184,0,310,496668
423,Sonoma,County,23,29120,0,310,2468,620200,32,31918,14,29198,1,311,496668
424,Sonoma,County,31,29151,0,310,2390,622590,47,31965,18,29216,0,311,496668
425,Sonoma,County,27,29178,0,310,2564,625154,31,31996,25,29241,0,311,496668
243,Stanislaus,County,47,16760,1,387,1056,168066,39,19596,24,16555,3,346,562303
244,Stanislaus,County,33,16793,2,389,1249,169315,41,19637,54,16609,3,349,562303
245,Stanislaus,County,41,16834,0,389,410,169725,21,19658,36,16645,2,351,562303
246,Stanislaus,County,33,16867,1,390,303,170028,18,19676,66,16711,0,351,562303
247,Stanislaus,County,50,16917,0,390,1819,171847,68,19744,19,16730,0,351,562303
248,Stanislaus,County,35,16952,1,391,1722,173569,60,19804,29,16759,3,354,562303
249,Stanislaus,County,45,16997,0,391,1511,175080,48,19852,27,16786,3,357,562303
250,Stanislaus,County,35,17032,0,391,1358,176438,60,19912,35,16821,3,360,562303
251,Stanislaus,County,46,17078,1,392,1182,177620,56,19968,83,16904,2,362,562303
252,Stanislaus,County,23,17101,0,392,576,178196,33,20001,56,16960,-2,360,562303
253,Stanislaus,County,35,17136,2,394,290,178486,17,20018,47,17007,0,360,562303
254,Stanislaus,County,63,17199,3,397,1752,180238,64,20082,44,17051,1,361,562303
255,Stanislaus,County,49,17248,0,397,1872,182110,72,20154,31,17082,1,362,562303
256,Stanislaus,County,45,17293,1,398,1493,183603,45,20199,23,17105,3,365,562303
257,Stanislaus,County,45,17338,0,398,1334,184937,47,20246,46,17151,1,366,562303
258,Stanislaus,County,38,17376,0,398,1241,186178,43,20289,50,17201,0,366,562303
259,Stanislaus,County,33,17409,0,398,488,186666,29,20318,31,17232,24,390,562303
260,Stanislaus,County,39,17448,0,398,416,187082,24,20342,58,17290,0,390,562303
261,Stanislaus,County,56,17504,2,400,2055,189137,78,20420,52,17342,0,390,562303
262,Stanislaus,County,52,17556,0,400,1945,191082,53,20473,25,17367,3,393,562303
263,Stanislaus,County,54,17610,0,400,1544,192626,58,20531,52,17419,-1,392,562303
264,Stanislaus,County,49,17659,1,401,1320,193946,50,20581,21,17440,3,395,562303
265,Stanislaus,County,53,17712,4,405,1224,195170,56,20637,56,17496,0,395,562303
266,Stanislaus,County,37,17749,1,406,472,195642,31,20668,78,17574,5,400,562303
267,Stanislaus,County,44,17793,0,406,290,195932,17,20685,67,17641,0,400,562303
268,Stanislaus,County,57,17850,0,406,1730,197662,83,20768,25,17666,0,400,562303
269,Stanislaus,County,50,17900,1,407,1793,199455,50,20818,54,17720,8,408,562303
270,Stanislaus,County,67,17967,0,407,1453,200908,60,20878,45,17765,1,409,562303
271,Stanislaus,County,65,18032,0,407,1233,202141,66,20944,25,17790,1,410,562303
272,Stanislaus,County,53,18085,2,409,1169,203310,49,20993,71,17861,0,410,562303
273,Stanislaus,County,47,18132,0,409,521,203831,34,21027,59,17920,2,412,562303
274,Stanislaus,County,62,18194,2,411,601,204432,32,21059,41,17961,0,412,562303
275,Stanislaus,County,101,18295,1,412,2245,206677,108,21167,44,18005,0,412,562303
276,Stanislaus,County,96,18391,1,413,1845,208522,83,21250,75,18080,4,416,562303
277,Stanislaus,County,119,18510,1,414,1364,209886,91,21341,34,18114,0,416,562303
278,Stanislaus,County,116,18626,0,414,1799,211685,120,21461,80,18194,1,417,562303
279,Stanislaus,County,114,18740,1,415,1686,213371,114,21575,56,18250,0,417,562303
280,Stanislaus,County,88,18828,2,417,569,213940,69,21644,136,18386,1,418,562303
281,Stanislaus,County,108,18936,0,417,525,214465,71,21715,27,18413,0,418,562303
282,Stanislaus,County,172,19108,0,417,2257,216722,161,21876,69,18482,0,418,562303
283,Stanislaus,County,150,19258,2,419,2268,218990,175,22051,110,18592,2,420,562303
284,Stanislaus,County,134,19392,3,422,1454,220444,125,22176,79,18671,2,422,562303
285,Stanislaus,County,138,19530,3,425,2021,222465,169,22345,116,18787,0,422,562303
286,Stanislaus,County,166,19696,3,428,2009,224474,173,22518,149,18936,0,422,562303
287,Stanislaus,County,123,19819,2,430,847,225321,104,22622,132,19068,2,424,562303
288,Stanislaus,County,142,19961,2,432,822,226143,97,22719,160,19228,1,425,562303
289,Stanislaus,County,271,20232,5,437,2793,228936,268,22987,105,19333,0,425,562303
290,Stanislaus,County,236,20468,2,439,2705,231641,265,23252,133,19466,0,425,562303
291,Stanislaus,County,223,20691,1,440,2229,233870,216,23468,143,19609,6,431,562303
292,Stanislaus,County,242,20933,3,443,2906,236776,293,23761,127,19736,2,433,562303
293,Stanislaus,County,242,21175,1,444,2307,239083,270,24031,153,19889,0,433,562303
294,Stanislaus,County,154,21329,3,447,893,239976,117,24148,222,20111,2,435,562303
295,Stanislaus,County,143,21472,4,451,1041,241017,123,24271,112,20223,1,436,562303
296,Stanislaus,County,324,21796,1,452,3686,244703,383,24654,264,20487,0,436,562303
297,Stanislaus,County,291,22087,4,456,3163,247866,361,25015,343,20830,2,438,562303
298,Stanislaus,County,241,22328,2,458,2045,249911,282,25297,192,21022,7,445,562303
299,Stanislaus,County,129,22457,2,460,382,250293,62,25359,164,21186,0,445,562303
300,Stanislaus,County,228,22685,4,464,1585,251878,202,25561,-1,21185,1,446,562303
301,Stanislaus,County,226,22911,3,467,1346,253224,221,25782,389,21574,0,446,562303
302,Stanislaus,County,235,23146,1,468,1105,254329,186,25968,127,21701,0,446,562303
303,Stanislaus,County,492,23638,4,472,4170,258499,531,26499,409,22110,0,446,562303
304,Stanislaus,County,458,24096,4,476,4195,262694,490,26989,241,22351,1,447,562303
305,Stanislaus,County,455,24551,6,482,3465,266159,493,27482,264,22615,1,448,562303
306,Stanislaus,County,495,25046,3,485,3785,269944,567,28049,206,22821,-1,447,562303
307,Stanislaus,County,405,25451,4,489,2880,272824,446,28495,385,23206,1,448,562303
308,Stanislaus,County,265,25716,8,497,1121,273945,234,28729,456,23662,6,454,562303
309,Stanislaus,County,305,26021,3,500,1351,275296,240,28969,374,24036,0,454,562303
310,Stanislaus,County,551,26572,6,506,4829,280125,602,29571,443,24479,0,454,562303
311,Stanislaus,County,554,27126,5,511,4219,284344,621,30192,314,24793,7,461,562303
312,Stanislaus,County,484,27610,4,515,3482,287826,563,30755,364,25157,2,463,562303
313,Stanislaus,County,498,28108,4,519,3866,291692,555,31310,425,25582,1,464,562303
314,Stanislaus,County,468,28576,4,523,3144,294836,492,31802,346,25928,0,464,562303
315,Stanislaus,County,266,28842,4,527,1271,296107,264,32066,318,26246,19,483,562303
316,Stanislaus,County,301,29143,5,532,1387,297494,269,32335,323,26569,2,485,562303
317,Stanislaus,County,561,29704,11,543,4701,302195,630,32965,742,27311,0,485,562303
318,Stanislaus,County,531,30235,11,554,4174,306369,605,33570,512,27823,0,485,562303
319,Stanislaus,County,510,30745,8,562,3686,310055,627,34197,456,28279,4,489,562303
320,Stanislaus,County,503,31248,4,566,4482,314537,616,34813,303,28582,0,489,562303
321,Stanislaus,County,423,31671,6,572,3294,317831,494,35307,385,28967,1,490,562303
322,Stanislaus,County,269,31940,9,581,1307,319138,236,35543,588,29555,8,498,562303
323,Stanislaus,County,319,32259,7,588,1859,320997,298,35841,440,29995,0,498,562303
324,Stanislaus,County,521,32780,6,594,4678,325675,616,36457,442,30437,1,499,562303
325,Stanislaus,County,456,33236,6,600,4150,329825,577,37034,477,30914,0,499,562303
326,Stanislaus,County,377,33613,11,611,3059,332884,458,37492,578,31492,0,499,562303
327,Stanislaus,County,342,33955,7,618,1878,334762,359,37851,356,31848,-1,498,562303
328,Stanislaus,County,194,34149,10,628,558,335320,141,37992,442,32290,0,498,562303
329,Stanislaus,County,290,34439,6,634,1204,336524,238,38230,388,32678,7,505,562303
330,Stanislaus,County,290,34729,7,641,1358,337882,228,38458,398,33076,1,506,562303
331,Stanislaus,County,600,35329,7,648,4832,342714,641,39099,397,33473,1,507,562303
332,Stanislaus,County,545,35874,6,654,4033,346747,627,39726,302,33775,1,508,562303
333,Stanislaus,County,498,36372,4,658,3327,350074,545,40271,-45,33730,18,526,562303
334,Stanislaus,County,479,36851,6,664,2749,352823,497,40768,668,34398,26,552,562303
335,Stanislaus,County,295,37146,6,670,571,353394,146,40914,580,34978,1,553,562303
336,Stanislaus,County,276,37422,3,673,1299,354693,259,41173,453,35431,0,553,562303
337,Stanislaus,County,313,37735,9,682,1546,356239,276,41449,331,35762,0,553,562303
338,Stanislaus,County,688,38423,10,692,5095,361334,822,42271,379,36141,0,553,562303
339,Stanislaus,County,561,38984,5,697,4506,365840,707,42978,222,36363,0,553,562303
340,Stanislaus,County,542,39526,3,700,3672,369512,661,43639,388,36751,0,553,562303
341,Stanislaus,County,595,40121,9,709,4034,373546,689,44328,545,37296,0,553,562303
342,Stanislaus,County,425,40546,8,717,3215,376761,551,44879,562,37858,13,566,562303
343,Stanislaus,County,301,40847,7,724,1217,377978,270,45149,545,38403,1,567,562303
344,Stanislaus,County,292,41139,7,731,1394,379372,257,45406,406,38809,4,571,562303
345,Stanislaus,County,560,41699,4,735,5397,384769,736,46142,340,39149,0,571,562303
346,Stanislaus,County,490,42189,8,743,4246,389015,591,46733,466,39615,0,571,562303
347,Stanislaus,County,451,42640,4,747,3608,392623,514,47247,552,40167,3,574,562303
348,Stanislaus,County,397,43037,5,752,3924,396547,515,47762,430,40597,0,574,562303
349,Stanislaus,County,319,43356,4,756,2742,399289,389,48151,581,41178,-12,562,562303
350,Stanislaus,County,243,43599,3,759,1297,400586,221,48372,631,41809,0,562,562303
351,Stanislaus,County,189,43788,6,765,1210,401796,227,48599,412,42221,0,562,562303
352,Stanislaus,County,317,44105,7,772,4050,405846,411,49010,192,42413,0,562,562303
353,Stanislaus,County,357,44462,6,778,4074,409920,457,49467,310,42723,-1,561,562303
354,Stanislaus,County,351,44813,4,782,3275,413195,408,49875,232,42955,24,585,562303
355,Stanislaus,County,290,45103,6,788,3786,416981,368,50243,268,43223,14,599,562303
356,Stanislaus,County,304,45407,7,795,2915,419896,381,50624,266,43489,0,599,562303
357,Stanislaus,County,155,45562,3,798,1095,420991,155,50779,234,43723,0,599,562303
358,Stanislaus,County,162,45724,3,801,1112,422103,133,50912,308,44031,0,599,562303
359,Stanislaus,County,310,46034,5,806,4599,426702,387,51299,262,44293,0,599,562303
360,Stanislaus,County,243,46277,4,810,3872,430574,297,51596,410,44703,0,599,562303
361,Stanislaus,County,183,46460,3,813,2472,433046,218,51814,171,44874,25,624,562303
362,Stanislaus,County,185,46645,4,817,2833,435879,239,52053,288,45162,16,640,562303
363,Stanislaus,County,217,46862,3,820,2650,438529,277,52330,304,45466,2,642,562303
364,Stanislaus,County,149,47011,4,824,1052,439581,123,52453,231,45697,0,642,562303
365,Stanislaus,County,129,47140,6,830,1047,440628,128,52581,274,45971,0,642,562303
366,Stanislaus,County,283,47423,3,833,4673,445301,367,52948,141,46112,0,642,562303
367,Stanislaus,County,258,47681,6,839,3603,448904,305,53253,194,46306,-1,641,562303
368,Stanislaus,County,219,47900,7,846,3102,452006,278,53531,292,46598,21,662,562303
369,Stanislaus,County,174,48074,9,855,3277,455283,245,53776,224,46822,16,678,562303
370,Stanislaus,County,161,48235,6,861,2615,457898,215,53991,202,47024,0,678,562303
371,Stanislaus,County,142,48377,5,866,988,458886,142,54133,301,47325,1,679,562303
372,Stanislaus,County,98,48475,4,870,865,459751,98,54231,226,47551,0,679,562303
373,Stanislaus,County,191,48666,2,872,3997,463748,272,54503,153,47704,0,679,562303
374,Stanislaus,County,152,48818,3,875,3346,467094,204,54707,202,47906,0,679,562303
375,Stanislaus,County,161,48979,2,877,2872,469966,181,54888,110,48016,17,696,562303
376,Stanislaus,County,114,49093,4,881,2672,472638,174,55062,189,48205,1,697,562303
377,Stanislaus,County,144,49237,2,883,2081,474719,174,55236,213,48418,0,697,562303
378,Stanislaus,County,83,49320,4,887,874,475593,75,55311,150,48568,0,697,562303
379,Stanislaus,County,69,49389,2,889,615,476208,64,55375,104,48672,19,716,562303
380,Stanislaus,County,106,49495,4,893,2206,478414,124,55499,136,48808,0,716,562303
381,Stanislaus,County,124,49619,1,894,3518,481932,191,55690,119,48927,0,716,562303
382,Stanislaus,County,118,49737,1,895,2817,484749,151,55841,123,49050,14,730,562303
383,Stanislaus,County,109,49846,6,901,2358,487107,153,55994,100,49150,8,738,562303
384,Stanislaus,County,97,49943,2,903,1925,489032,128,56122,132,49282,1,739,562303
385,Stanislaus,County,61,50004,4,907,822,489854,66,56188,163,49445,-6,733,562303
386,Stanislaus,County,55,50059,2,909,928,490782,50,56238,82,49527,-7,726,562303
387,Stanislaus,County,124,50183,1,910,3388,494170,156,56394,103,49630,-4,722,562303
388,Stanislaus,County,104,50287,4,914,2644,496814,141,56535,119,49749,0,722,562303
389,Stanislaus,County,76,50363,1,915,2052,498866,109,56644,102,49851,10,732,562303
390,Stanislaus,County,69,50432,2,917,1842,500708,83,56727,113,49964,6,738,562303
391,Stanislaus,County,89,50521,0,917,1814,502522,108,56835,90,50054,-1,737,562303
392,Stanislaus,County,56,50577,2,919,753,503275,41,56876,93,50147,-4,733,562303
393,Stanislaus,County,54,50631,0,919,890,504165,45,56921,81,50228,-5,728,562303
394,Stanislaus,County,90,50721,2,921,3195,507360,118,57039,65,50293,-6,722,562303
395,Stanislaus,County,74,50795,2,923,2385,509745,99,57138,66,50359,2,724,562303
396,Stanislaus,County,87,50882,1,924,2292,512037,118,57256,79,50438,6,730,562303
397,Stanislaus,County,77,50959,2,926,1988,514025,102,57358,83,50521,1,731,562303
398,Stanislaus,County,89,51048,3,929,1567,515592,91,57449,85,50606,-10,721,562303
399,Stanislaus,County,51,51099,1,930,702,516294,54,57503,85,50691,-10,711,562303
400,Stanislaus,County,69,51168,0,930,1016,517310,60,57563,92,50783,-12,699,562303
401,Stanislaus,County,132,51300,4,934,3579,520889,144,57707,42,50825,-9,690,562303
402,Stanislaus,County,80,51380,2,936,2510,523399,120,57827,59,50884,13,703,562303
403,Stanislaus,County,94,51474,3,939,2113,525512,107,57934,84,50968,3,706,562303
404,Stanislaus,County,89,51563,2,941,2251,527763,127,58061,70,51038,1,707,562303
405,Stanislaus,County,84,51647,0,941,1661,529424,100,58161,108,51146,-6,701,562303
406,Stanislaus,County,58,51705,0,941,732,530156,55,58216,111,51257,-6,695,562303
407,Stanislaus,County,50,51755,0,941,826,530982,41,58257,49,51306,-5,690,562303
408,Stanislaus,County,120,51875,3,944,3177,534159,142,58399,51,51357,-7,683,562303
409,Stanislaus,County,78,51953,2,946,2202,536361,93,58492,53,51410,0,683,562303
410,Stanislaus,County,80,52033,3,949,2275,538636,108,58600,114,51524,-1,682,562303
411,Stanislaus,County,73,52106,2,951,1893,540529,94,58694,91,51615,0,682,562303
412,Stanislaus,County,72,52178,0,951,2384,542913,88,58782,140,51755,-3,679,562303
413,Stanislaus,County,58,52236,2,953,834,543747,72,58854,170,51925,-6,673,562303
414,Stanislaus,County,56,52292,2,955,864,544611,53,58907,89,52014,4,677,562303
415,Stanislaus,County,90,52382,1,956,3484,548095,124,59031,69,52083,0,677,562303
416,Stanislaus,County,84,52466,1,957,2375,550470,106,59137,65,52148,0,677,562303
417,Stanislaus,County,100,52566,3,960,2433,552903,116,59253,111,52259,0,677,562303
418,Stanislaus,County,76,52642,2,962,2023,554926,97,59350,62,52321,1,678,562303
419,Stanislaus,County,67,52709,2,964,1677,556603,86,59436,99,52420,0,678,562303
420,Stanislaus,County,68,52777,1,965,876,557479,61,59497,77,52497,0,678,562303
421,Stanislaus,County,64,52841,0,965,996,558475,57,59554,70,52567,0,678,562303
422,Stanislaus,County,87,52928,1,966,3794,562269,125,59679,47,52614,-1,677,562303
423,Stanislaus,County,84,53012,0,966,2468,564737,103,59782,76,52690,0,677,562303
424,Stanislaus,County,78,53090,3,969,2115,566852,101,59883,92,52782,10,687,562303
425,Stanislaus,County,68,53158,3,972,1928,568780,94,59977,43,52825,0,687,562303
243,Sutter,County,16,1727,0,11,257,27283,8,1916,4,1684,1,11,105747
244,Sutter,County,5,1732,1,12,231,27514,3,1919,9,1693,0,11,105747
245,Sutter,County,1,1733,0,12,94,27608,3,1922,12,1705,0,11,105747
246,Sutter,County,4,1737,0,12,60,27668,4,1926,6,1711,0,11,105747
247,Sutter,County,5,1742,0,12,374,28042,6,1932,8,1719,1,12,105747
248,Sutter,County,8,1750,0,12,493,28535,6,1938,3,1722,0,12,105747
249,Sutter,County,2,1752,0,12,223,28758,2,1940,1,1723,0,12,105747
250,Sutter,County,4,1756,0,12,234,28992,3,1943,2,1725,0,12,105747
251,Sutter,County,0,1756,0,12,211,29203,8,1951,7,1732,0,12,105747
252,Sutter,County,4,1760,0,12,95,29298,3,1954,3,1735,0,12,105747
253,Sutter,County,3,1763,0,12,67,29365,2,1956,7,1742,0,12,105747
254,Sutter,County,3,1766,0,12,280,29645,6,1962,-1,1741,0,12,105747
255,Sutter,County,8,1774,0,12,524,30169,3,1965,7,1748,0,12,105747
256,Sutter,County,9,1783,0,12,221,30390,9,1974,-1,1747,0,12,105747
257,Sutter,County,9,1792,0,12,248,30638,10,1984,5,1752,0,12,105747
258,Sutter,County,3,1795,0,12,195,30833,10,1994,4,1756,0,12,105747
259,Sutter,County,8,1803,0,12,128,30961,3,1997,6,1762,0,12,105747
260,Sutter,County,2,1805,0,12,89,31050,4,2001,2,1764,0,12,105747
261,Sutter,County,9,1814,0,12,316,31366,11,2012,9,1773,0,12,105747
262,Sutter,County,5,1819,0,12,427,31793,4,2016,10,1783,0,12,105747
263,Sutter,County,9,1828,0,12,169,31962,5,2021,3,1786,0,12,105747
264,Sutter,County,15,1843,0,12,261,32223,9,2030,8,1794,0,12,105747
265,Sutter,County,14,1857,0,12,209,32432,11,2041,3,1797,0,12,105747
266,Sutter,County,7,1864,0,12,126,32558,14,2055,7,1804,0,12,105747
267,Sutter,County,9,1873,0,12,71,32629,5,2060,7,1811,0,12,105747
268,Sutter,County,18,1891,0,12,333,32962,24,2084,6,1817,0,12,105747
269,Sutter,County,8,1899,0,12,422,33384,10,2094,15,1832,0,12,105747
270,Sutter,County,13,1912,0,12,233,33617,11,2105,8,1840,0,12,105747
271,Sutter,County,9,1921,0,12,243,33860,12,2117,12,1852,0,12,105747
272,Sutter,County,8,1929,0,12,198,34058,12,2129,8,1860,0,12,105747
273,Sutter,County,13,1942,0,12,95,34153,8,2137,16,1876,0,12,105747
274,Sutter,County,9,1951,0,12,82,34235,11,2148,12,1888,0,12,105747
275,Sutter,County,26,1977,0,12,258,34493,12,2160,7,1895,0,12,105747
276,Sutter,County,24,2001,0,12,665,35158,21,2181,19,1914,0,12,105747
277,Sutter,County,33,2034,0,12,252,35410,29,2210,2,1916,0,12,105747
278,Sutter,County,34,2068,0,12,332,35742,36,2246,9,1925,0,12,105747
279,Sutter,County,32,2100,0,12,294,36036,32,2278,12,1937,0,12,105747
280,Sutter,County,27,2127,0,12,170,36206,25,2303,36,1973,0,12,105747
281,Sutter,County,40,2167,0,12,107,36313,12,2315,7,1980,0,12,105747
282,Sutter,County,57,2224,0,12,363,36676,43,2358,30,2010,0,12,105747
283,Sutter,County,68,2292,0,12,683,37359,68,2426,25,2035,0,12,105747
284,Sutter,County,95,2387,0,12,415,37774,98,2524,14,2049,0,12,105747
285,Sutter,County,48,2435,0,12,359,38133,71,2595,26,2075,0,12,105747
286,Sutter,County,84,2519,0,12,360,38493,72,2667,46,2121,0,12,105747
287,Sutter,County,46,2565,0,12,168,38661,24,2691,61,2182,0,12,105747
288,Sutter,County,44,2609,0,12,128,38789,26,2717,48,2230,0,12,105747
289,Sutter,County,89,2698,1,13,531,39320,111,2828,92,2322,0,12,105747
290,Sutter,County,107,2805,0,13,748,40068,98,2926,48,2370,0,12,105747
291,Sutter,County,83,2888,0,13,495,40563,92,3018,72,2442,1,13,105747
292,Sutter,County,118,3006,1,14,626,41189,141,3159,67,2509,0,13,105747
293,Sutter,County,97,3103,0,14,553,41742,107,3266,71,2580,0,13,105747
294,Sutter,County,50,3153,0,14,255,41997,65,3331,35,2615,0,13,105747
295,Sutter,County,60,3213,0,14,195,42192,51,3382,62,2677,0,13,105747
296,Sutter,County,118,3331,1,15,642,42834,132,3514,163,2840,1,14,105747
297,Sutter,County,138,3469,0,15,853,43687,142,3656,134,2974,0,14,105747
298,Sutter,County,105,3574,2,17,558,44245,122,3778,90,3064,0,14,105747
299,Sutter,County,44,3618,1,18,98,44343,31,3809,37,3101,1,15,105747
300,Sutter,County,94,3712,0,18,478,44821,91,3900,0,3101,0,15,105747
301,Sutter,County,66,3778,1,19,258,45079,62,3962,143,3244,0,15,105747
302,Sutter,County,84,3862,2,21,241,45320,76,4038,53,3297,1,16,105747
303,Sutter,County,117,3979,0,21,753,46073,152,4190,133,3430,0,16,105747
304,Sutter,County,156,4135,1,22,911,46984,189,4379,108,3538,1,17,105747
305,Sutter,County,141,4276,1,23,615,47599,159,4538,66,3604,1,18,105747
306,Sutter,County,161,4437,2,25,812,48411,195,4733,123,3727,2,20,105747
307,Sutter,County,83,4520,3,28,511,48922,117,4850,64,3791,0,20,105747
308,Sutter,County,72,4592,1,29,217,49139,63,4913,146,3937,0,20,105747
309,Sutter,County,67,4659,3,32,217,49356,56,4969,72,4009,1,21,105747
310,Sutter,County,114,4773,1,33,765,50121,157,5126,97,4106,3,24,105747
311,Sutter,County,141,4914,1,34,850,50971,176,5302,236,4342,0,24,105747
312,Sutter,County,98,5012,1,35,572,51543,137,5439,76,4418,0,24,105747
313,Sutter,County,113,5125,2,37,604,52147,142,5581,110,4528,3,27,105747
314,Sutter,County,131,5256,0,37,561,52708,151,5732,72,4600,3,30,105747
315,Sutter,County,64,5320,1,38,234,52942,71,5803,117,4717,2,32,105747
316,Sutter,County,62,5382,4,42,179,53121,49,5852,81,4798,2,34,105747
317,Sutter,County,127,5509,1,43,676,53797,125,5977,203,5001,1,35,105747
318,Sutter,County,110,5619,3,46,687,54484,137,6114,79,5080,1,36,105747
319,Sutter,County,97,5716,4,50,519,55003,122,6236,143,5223,3,39,105747
320,Sutter,County,80,5796,1,51,554,55557,88,6324,86,5309,0,39,105747
321,Sutter,County,99,5895,2,53,538,56095,120,6444,90,5399,0,39,105747
322,Sutter,County,84,5979,5,58,238,56333,72,6516,107,5506,2,41,105747
323,Sutter,County,58,6037,1,59,170,56503,38,6554,95,5601,2,43,105747
324,Sutter,County,87,6124,2,61,675,57178,92,6646,107,5708,3,46,105747
325,Sutter,County,96,6220,2,63,698,57876,136,6782,83,5791,0,46,105747
326,Sutter,County,61,6281,0,63,430,58306,105,6887,80,5871,0,46,105747
327,Sutter,County,66,6347,1,64,450,58756,76,6963,89,5960,1,47,105747
328,Sutter,County,41,6388,0,64,114,58870,32,6995,91,6051,0,47,105747
329,Sutter,County,59,6447,2,66,267,59137,79,7074,70,6121,1,48,105747
330,Sutter,County,59,6506,1,67,172,59309,53,7127,97,6218,0,48,105747
331,Sutter,County,82,6588,1,68,703,60012,84,7211,35,6253,1,49,105747
332,Sutter,County,83,6671,1,69,589,60601,114,7325,49,6302,1,50,105747
333,Sutter,County,68,6739,1,70,485,61086,104,7429,26,6328,1,51,105747
334,Sutter,County,61,6800,1,71,561,61647,91,7520,104,6432,0,51,105747
335,Sutter,County,30,6830,1,72,97,61744,23,7543,121,6553,1,52,105747
336,Sutter,County,56,6886,0,72,263,62007,49,7592,68,6621,1,53,105747
337,Sutter,County,55,6941,2,74,164,62171,27,7619,43,6664,0,53,105747
338,Sutter,County,98,7039,3,77,718,62889,106,7725,48,6712,3,56,105747
339,Sutter,County,98,7137,2,79,674,63563,121,7846,57,6769,3,59,105747
340,Sutter,County,99,7236,1,80,534,64097,113,7959,70,6839,0,59,105747
341,Sutter,County,82,7318,2,82,554,64651,79,8038,51,6890,6,65,105747
342,Sutter,County,59,7377,1,83,465,65116,72,8110,92,6982,3,68,105747
343,Sutter,County,50,7427,3,86,215,65331,51,8161,90,7072,1,69,105747
344,Sutter,County,36,7463,1,87,164,65495,40,8201,61,7133,2,71,105747
345,Sutter,County,61,7524,0,87,692,66187,83,8284,71,7204,0,71,105747
346,Sutter,County,57,7581,0,87,582,66769,77,8361,72,7276,2,73,105747
347,Sutter,County,63,7644,0,87,463,67232,75,8436,74,7350,0,73,105747
348,Sutter,County,46,7690,2,89,513,67745,62,8498,66,7416,1,74,105747
349,Sutter,County,59,7749,0,89,361,68106,68,8566,68,7484,1,75,105747
350,Sutter,County,47,7796,2,91,184,68290,42,8608,76,7560,1,76,105747
351,Sutter,County,32,7828,0,91,128,68418,25,8633,44,7604,1,77,105747
352,Sutter,County,63,7891,0,91,564,68982,79,8712,76,7680,1,78,105747
353,Sutter,County,57,7948,1,92,431,69413,56,8768,29,7709,2,80,105747
354,Sutter,County,51,7999,3,95,384,69797,57,8825,63,7772,0,80,105747
355,Sutter,County,52,8051,3,98,500,70297,55,8880,50,7822,0,80,105747
356,Sutter,County,34,8085,0,98,368,70665,36,8916,56,7878,0,80,105747
357,Sutter,County,26,8111,0,98,147,70812,24,8940,65,7943,0,80,105747
358,Sutter,County,18,8129,1,99,122,70934,18,8958,37,7980,3,83,105747
359,Sutter,County,68,8197,0,99,546,71480,74,9032,43,8023,0,83,105747
360,Sutter,County,43,8240,1,100,452,71932,51,9083,44,8067,0,83,105747
361,Sutter,County,42,8282,0,100,298,72230,49,9132,26,8093,0,83,105747
362,Sutter,County,43,8325,3,103,487,72717,42,9174,43,8136,2,85,105747
363,Sutter,County,48,8373,1,104,340,73057,59,9233,45,8181,2,87,105747
364,Sutter,County,19,8392,0,104,185,73242,17,9250,45,8226,0,87,105747
365,Sutter,County,16,8408,2,106,141,73383,22,9272,63,8289,2,89,105747
366,Sutter,County,45,8453,0,106,545,73928,56,9328,24,8313,0,89,105747
367,Sutter,County,40,8493,0,106,555,74483,44,9372,27,8340,0,89,105747
368,Sutter,County,23,8516,0,106,374,74857,31,9403,39,8379,1,90,105747
369,Sutter,County,25,8541,0,106,457,75314,30,9433,22,8401,2,92,105747
370,Sutter,County,20,8561,0,106,325,75639,24,9457,42,8443,0,92,105747
371,Sutter,County,20,8581,1,107,150,75789,15,9472,42,8485,0,92,105747
372,Sutter,County,8,8589,0,107,115,75904,8,9480,30,8515,0,92,105747
373,Sutter,County,27,8616,1,108,490,76394,35,9515,11,8526,0,92,105747
374,Sutter,County,19,8635,0,108,456,76850,20,9535,15,8541,0,92,105747
375,Sutter,County,17,8652,0,108,326,77176,23,9558,30,8571,1,93,105747
376,Sutter,County,17,8669,0,108,409,77585,20,9578,19,8590,0,93,105747
377,Sutter,County,14,8683,0,108,287,77872,12,9590,19,8609,0,93,105747
378,Sutter,County,14,8697,0,108,126,77998,10,9600,17,8626,1,94,105747
379,Sutter,County,12,8709,0,108,108,78106,16,9616,16,8642,1,95,105747
380,Sutter,County,23,8732,1,109,406,78512,24,9640,10,8652,0,95,105747
381,Sutter,County,15,8747,0,109,427,78939,26,9666,19,8671,0,95,105747
382,Sutter,County,23,8770,1,110,331,79270,28,9694,10,8681,0,95,105747
383,Sutter,County,10,8780,0,110,373,79643,20,9714,-27,8654,1,96,105747
384,Sutter,County,8,8788,3,113,243,79886,10,9724,11,8665,0,96,105747
385,Sutter,County,10,8798,1,114,133,80019,12,9736,16,8681,1,97,105747
386,Sutter,County,6,8804,0,114,102,80121,8,9744,6,8687,0,97,105747
387,Sutter,County,18,8822,0,114,446,80567,16,9760,11,8698,1,98,105747
388,Sutter,County,8,8830,0,114,327,80894,11,9771,68,8766,0,98,105747
389,Sutter,County,13,8843,0,114,264,81158,13,9784,12,8778,1,99,105747
390,Sutter,County,10,8853,0,114,350,81508,7,9791,11,8789,0,99,105747
391,Sutter,County,14,8867,0,114,227,81735,15,9806,17,8806,0,99,105747
392,Sutter,County,9,8876,0,114,96,81831,4,9810,14,8820,0,99,105747
393,Sutter,County,5,8881,0,114,86,81917,5,9815,5,8825,0,99,105747
394,Sutter,County,15,8896,2,116,429,82346,20,9835,0,8825,0,99,105747
395,Sutter,County,12,8908,0,116,438,82784,17,9852,7,8832,0,99,105747
396,Sutter,County,9,8917,0,116,236,83020,13,9865,8,8840,0,99,105747
397,Sutter,County,9,8926,0,116,264,83284,12,9877,9,8849,1,100,105747
398,Sutter,County,12,8938,0,116,227,83511,15,9892,27,8876,0,100,105747
399,Sutter,County,7,8945,0,116,124,83635,8,9900,11,8887,0,100,105747
400,Sutter,County,6,8951,0,116,122,83757,8,9908,13,8900,0,100,105747
401,Sutter,County,10,8961,0,116,431,84188,12,9920,5,8905,0,100,105747
402,Sutter,County,3,8964,0,116,386,84574,4,9924,9,8914,1,101,105747
403,Sutter,County,13,8977,1,117,233,84807,11,9935,4,8918,0,101,105747
404,Sutter,County,11,8988,1,118,293,85100,15,9950,15,8933,0,101,105747
405,Sutter,County,6,8994,1,119,206,85306,3,9953,7,8940,0,101,105747
406,Sutter,County,6,9000,0,119,109,85415,10,9963,8,8948,1,102,105747
407,Sutter,County,7,9007,0,119,99,85514,9,9972,10,8958,0,102,105747
408,Sutter,County,16,9023,0,119,566,86080,15,9987,4,8962,0,102,105747
409,Sutter,County,6,9029,1,120,438,86518,5,9992,8,8970,0,102,105747
410,Sutter,County,8,9037,0,120,215,86733,8,10000,12,8982,1,103,105747
411,Sutter,County,10,9047,0,120,221,86954,10,10010,17,8999,0,103,105747
412,Sutter,County,12,9059,0,120,210,87164,6,10016,6,9005,0,103,105747
413,Sutter,County,2,9061,0,120,132,87296,6,10022,9,9014,0,103,105747
414,Sutter,County,8,9069,1,121,84,87380,3,10025,7,9021,1,104,105747
415,Sutter,County,13,9082,0,121,540,87920,20,10045,3,9024,0,104,105747
416,Sutter,County,13,9095,0,121,467,88387,13,10058,15,9039,0,104,105747
417,Sutter,County,8,9103,0,121,263,88650,11,10069,10,9049,0,104,105747
418,Sutter,County,16,9119,0,121,217,88867,10,10079,20,9069,0,104,105747
419,Sutter,County,9,9128,0,121,189,89056,8,10087,13,9082,0,104,105747
420,Sutter,County,2,9130,1,122,94,89150,7,10094,11,9093,2,106,105747
421,Sutter,County,8,9138,0,122,95,89245,4,10098,1,9094,0,106,105747
422,Sutter,County,9,9147,0,122,405,89650,1,10099,11,9105,0,106,105747
423,Sutter,County,7,9154,0,122,430,90080,8,10107,2,9107,0,106,105747
424,Sutter,County,4,9158,0,122,218,90298,12,10119,4,9111,0,106,105747
425,Sutter,County,11,9169,0,122,184,90482,13,10132,-6,9105,0,106,105747
243,Tehama,County,6,653,1,7,140,18622,9,704,12,606,0,3,65885
244,Tehama,County,10,663,0,7,173,18795,13,717,13,619,0,3,65885
245,Tehama,County,5,668,0,7,48,18843,4,721,11,630,0,3,65885
246,Tehama,County,6,674,0,7,46,18889,2,723,7,637,0,3,65885
247,Tehama,County,15,689,0,7,265,19154,11,734,5,642,0,3,65885
248,Tehama,County,8,697,0,7,234,19388,11,745,18,660,0,3,65885
249,Tehama,County,9,706,1,8,239,19627,9,754,6,666,0,3,65885
250,Tehama,County,9,715,0,8,176,19803,10,764,10,676,0,3,65885
251,Tehama,County,9,724,0,8,184,19987,9,773,6,682,0,3,65885
252,Tehama,County,6,730,0,8,37,20024,6,779,11,693,0,3,65885
253,Tehama,County,7,737,0,8,33,20057,3,782,9,702,0,3,65885
254,Tehama,County,24,761,0,8,171,20228,26,808,6,708,0,3,65885
255,Tehama,County,16,777,0,8,253,20481,19,827,9,717,0,3,65885
256,Tehama,County,8,785,0,8,242,20723,9,836,4,721,0,3,65885
257,Tehama,County,11,796,0,8,163,20886,13,849,5,726,0,3,65885
258,Tehama,County,27,823,0,8,234,21120,25,874,11,737,0,3,65885
259,Tehama,County,1,824,0,8,49,21169,2,876,27,764,2,5,65885
260,Tehama,County,16,840,0,8,39,21208,10,886,10,774,0,5,65885
261,Tehama,County,32,872,1,9,319,21527,32,918,19,793,0,5,65885
262,Tehama,County,3,875,0,9,264,21791,9,927,20,813,0,5,65885
263,Tehama,County,15,890,0,9,262,22053,13,940,11,824,0,5,65885
264,Tehama,County,16,906,0,9,167,22220,12,952,28,852,0,5,65885
265,Tehama,County,11,917,2,11,162,22382,9,961,10,862,0,5,65885
266,Tehama,County,9,926,1,12,56,22438,3,964,10,872,0,5,65885
267,Tehama,County,8,934,1,13,47,22485,1,965,8,880,0,5,65885
268,Tehama,County,17,951,0,13,243,22728,12,977,12,892,0,5,65885
269,Tehama,County,20,971,0,13,256,22984,19,996,21,913,0,5,65885
270,Tehama,County,14,985,0,13,199,23183,16,1012,8,921,0,5,65885
271,Tehama,County,11,996,1,14,176,23359,10,1022,4,925,0,5,65885
272,Tehama,County,18,1014,1,15,140,23499,11,1033,7,932,0,5,65885
273,Tehama,County,4,1018,0,15,55,23554,4,1037,21,953,0,5,65885
274,Tehama,County,10,1028,1,16,51,23605,2,1039,12,965,0,5,65885
275,Tehama,County,17,1045,1,17,218,23823,14,1053,6,971,1,6,65885
276,Tehama,County,23,1068,0,17,200,24023,16,1069,17,988,0,6,65885
277,Tehama,County,21,1089,0,17,233,24256,26,1095,9,997,0,6,65885
278,Tehama,County,24,1113,2,19,209,24465,18,1113,18,1015,0,6,65885
279,Tehama,County,22,1135,0,19,189,24654,20,1133,9,1024,0,6,65885
280,Tehama,County,21,1156,0,19,77,24731,15,1148,19,1043,1,7,65885
281,Tehama,County,24,1180,1,20,65,24796,1,1149,11,1054,0,7,65885
282,Tehama,County,24,1204,0,20,206,25002,14,1163,17,1071,0,7,65885
283,Tehama,County,36,1240,0,20,295,25297,46,1209,28,1099,0,7,65885
284,Tehama,County,26,1266,0,20,122,25419,20,1229,6,1105,0,7,65885
285,Tehama,County,42,1308,0,20,291,25710,45,1274,12,1117,0,7,65885
286,Tehama,County,27,1335,0,20,318,26028,31,1305,50,1167,0,7,65885
287,Tehama,County,28,1363,1,21,194,26222,34,1339,39,1206,0,7,65885
288,Tehama,County,21,1384,0,21,57,26279,12,1351,16,1222,0,7,65885
289,Tehama,County,51,1435,2,23,329,26608,44,1395,39,1261,0,7,65885
290,Tehama,County,45,1480,0,23,299,26907,45,1440,29,1290,0,7,65885
291,Tehama,County,50,1530,0,23,306,27213,51,1491,48,1338,1,8,65885
292,Tehama,County,39,1569,0,23,348,27561,43,1534,35,1373,1,9,65885
293,Tehama,County,33,1602,2,25,232,27793,27,1561,37,1410,0,9,65885
294,Tehama,County,14,1616,0,25,88,27881,14,1575,25,1435,0,9,65885
295,Tehama,County,20,1636,0,25,71,27952,11,1586,22,1457,0,9,65885
296,Tehama,County,34,1670,0,25,323,28275,28,1614,69,1526,0,9,65885
297,Tehama,County,48,1718,0,25,364,28639,51,1665,39,1565,0,9,65885
298,Tehama,County,50,1768,0,25,291,28930,42,1707,22,1587,0,9,65885
299,Tehama,County,12,1780,0,25,14,28944,0,1707,25,1612,0,9,65885
300,Tehama,County,41,1821,0,25,146,29090,29,1736,37,1649,0,9,65885
301,Tehama,County,28,1849,0,25,169,29259,23,1759,29,1678,0,9,65885
302,Tehama,County,16,1865,1,26,77,29336,12,1771,32,1710,0,9,65885
303,Tehama,County,51,1916,0,26,346,29682,40,1811,14,1724,0,9,65885
304,Tehama,County,48,1964,0,26,361,30043,63,1874,49,1773,0,9,65885
305,Tehama,County,59,2023,3,29,378,30421,61,1935,27,1800,0,9,65885
306,Tehama,County,43,2066,2,31,395,30816,51,1986,32,1832,0,9,65885
307,Tehama,County,51,2117,0,31,327,31143,55,2041,44,1876,0,9,65885
308,Tehama,County,39,2156,1,32,130,31273,29,2070,50,1926,0,9,65885
309,Tehama,County,14,2170,0,32,49,31322,5,2075,56,1982,0,9,65885
310,Tehama,County,56,2226,0,32,334,31656,57,2132,48,2030,0,9,65885
311,Tehama,County,52,2278,0,32,349,32005,52,2184,27,2057,0,9,65885
312,Tehama,County,83,2361,0,32,390,32395,53,2237,45,2102,0,9,65885
313,Tehama,County,35,2396,0,32,340,32735,32,2269,88,2190,0,9,65885
314,Tehama,County,48,2444,0,32,302,33037,55,2324,42,2232,0,9,65885
315,Tehama,County,29,2473,0,32,97,33134,15,2339,20,2252,0,9,65885
316,Tehama,County,16,2489,0,32,38,33172,9,2348,73,2325,0,9,65885
317,Tehama,County,44,2533,0,32,349,33521,44,2392,19,2344,0,9,65885
318,Tehama,County,47,2580,1,33,341,33862,40,2432,48,2392,0,9,65885
319,Tehama,County,37,2617,0,33,261,34123,41,2473,49,2441,0,9,65885
320,Tehama,County,31,2648,0,33,287,34410,30,2503,39,2480,0,9,65885
321,Tehama,County,48,2696,1,34,293,34703,50,2553,43,2523,0,9,65885
322,Tehama,County,17,2713,0,34,92,34795,19,2572,51,2574,0,9,65885
323,Tehama,County,51,2764,0,34,167,34962,47,2619,28,2602,0,9,65885
324,Tehama,County,48,2812,0,34,310,35272,40,2659,54,2656,0,9,65885
325,Tehama,County,67,2879,1,35,424,35696,81,2740,32,2688,0,9,65885
326,Tehama,County,47,2926,0,35,266,35962,50,2790,49,2737,0,9,65885
327,Tehama,County,20,2946,0,35,157,36119,22,2812,42,2779,0,9,65885
328,Tehama,County,16,2962,0,35,14,36133,3,2815,60,2839,0,9,65885
329,Tehama,County,45,3007,0,35,218,36351,41,2856,45,2884,0,9,65885
330,Tehama,County,27,3034,0,35,41,36392,6,2862,38,2922,0,9,65885
331,Tehama,County,71,3105,1,36,348,36740,59,2921,12,2934,0,9,65885
332,Tehama,County,53,3158,1,37,315,37055,65,2986,28,2962,0,9,65885
333,Tehama,County,67,3225,1,38,273,37328,69,3055,7,2969,0,9,65885
334,Tehama,County,44,3269,0,38,180,37508,28,3083,67,3036,0,9,65885
335,Tehama,County,29,3298,0,38,21,37529,5,3088,43,3079,0,9,65885
336,Tehama,County,56,3354,2,40,250,37779,76,3164,67,3146,0,9,65885
337,Tehama,County,25,3379,1,41,52,37831,12,3176,30,3176,0,9,65885
338,Tehama,County,60,3439,1,42,349,38180,52,3228,14,3190,0,9,65885
339,Tehama,County,73,3512,0,42,363,38543,80,3308,65,3255,0,9,65885
340,Tehama,County,57,3569,0,42,330,38873,70,3378,51,3306,6,15,65885
341,Tehama,County,27,3596,2,44,280,39153,41,3419,24,3330,0,15,65885
342,Tehama,County,24,3620,0,44,239,39392,24,3443,76,3406,0,15,65885
343,Tehama,County,23,3643,0,44,52,39444,11,3454,45,3451,0,15,65885
344,Tehama,County,29,3672,0,44,80,39524,19,3473,53,3504,2,17,65885
345,Tehama,County,72,3744,0,44,333,39857,69,3542,20,3524,0,17,65885
346,Tehama,County,64,3808,0,44,321,40178,69,3611,43,3567,0,17,65885
347,Tehama,County,35,3843,1,45,257,40435,36,3647,22,3589,0,17,65885
348,Tehama,County,49,3892,0,45,314,40749,44,3691,75,3664,0,17,65885
349,Tehama,County,30,3922,1,46,235,40984,32,3723,50,3714,0,17,65885
350,Tehama,County,21,3943,0,46,76,41060,9,3732,69,3783,1,18,65885
351,Tehama,County,13,3956,0,46,57,41117,12,3744,54,3837,0,18,65885
352,Tehama,County,29,3985,0,46,173,41290,17,3761,17,3854,1,19,65885
353,Tehama,County,48,4033,0,46,373,41663,61,3822,22,3876,0,19,65885
354,Tehama,County,34,4067,1,47,285,41948,42,3864,16,3892,0,19,65885
355,Tehama,County,25,4092,0,47,293,42241,27,3891,46,3938,0,19,65885
356,Tehama,County,35,4127,0,47,284,42525,43,3934,55,3993,0,19,65885
357,Tehama,County,19,4146,0,47,104,42629,19,3953,13,4006,1,20,65885
358,Tehama,County,19,4165,0,47,76,42705,16,3969,56,4062,0,20,65885
359,Tehama,County,40,4205,0,47,331,43036,39,4008,20,4082,0,20,65885
360,Tehama,County,28,4233,1,48,233,43269,36,4044,33,4115,0,20,65885
361,Tehama,County,31,4264,0,48,248,43517,33,4077,18,4133,0,20,65885
362,Tehama,County,25,4289,0,48,298,43815,27,4104,30,4163,0,20,65885
363,Tehama,County,19,4308,0,48,195,44010,32,4136,28,4191,0,20,65885
364,Tehama,County,13,4321,0,48,68,44078,11,4147,38,4229,1,21,65885
365,Tehama,County,14,4335,0,48,76,44154,11,4158,27,4256,0,21,65885
366,Tehama,County,20,4355,0,48,386,44540,30,4188,7,4263,0,21,65885
367,Tehama,County,24,4379,1,49,243,44783,30,4218,26,4289,0,21,65885
368,Tehama,County,13,4392,0,49,173,44956,20,4238,20,4309,0,21,65885
369,Tehama,County,22,4414,1,50,287,45243,23,4261,18,4327,0,21,65885
370,Tehama,County,16,4430,0,50,196,45439,19,4280,28,4355,1,22,65885
371,Tehama,County,8,4438,1,51,56,45495,7,4287,25,4380,0,22,65885
372,Tehama,County,7,4445,1,52,65,45560,8,4295,16,4396,0,22,65885
373,Tehama,County,14,4459,0,52,328,45888,21,4316,7,4403,0,22,65885
374,Tehama,County,15,4474,1,53,235,46123,21,4337,13,4416,0,22,65885
375,Tehama,County,7,4481,1,54,158,46281,9,4346,29,4445,1,23,65885
376,Tehama,County,8,4489,0,54,279,46560,10,4356,18,4463,3,26,65885
377,Tehama,County,6,4495,0,54,145,46705,7,4363,7,4470,1,27,65885
378,Tehama,County,8,4503,0,54,63,46768,9,4372,14,4484,3,30,65885
379,Tehama,County,9,4512,0,54,63,46831,6,4378,6,4490,0,30,65885
380,Tehama,County,8,4520,0,54,161,46992,9,4387,2,4492,0,30,65885
381,Tehama,County,11,4531,0,54,258,47250,13,4400,9,4501,0,30,65885
382,Tehama,County,9,4540,0,54,150,47400,10,4410,10,4511,0,30,65885
383,Tehama,County,4,4544,2,56,246,47646,5,4415,17,4528,0,30,65885
384,Tehama,County,3,4547,0,56,123,47769,6,4421,7,4535,0,30,65885
385,Tehama,County,2,4549,0,56,37,47806,0,4421,10,4545,0,30,65885
386,Tehama,County,1,4550,0,56,47,47853,3,4424,2,4547,0,30,65885
387,Tehama,County,12,4562,0,56,301,48154,13,4437,3,4550,0,30,65885
388,Tehama,County,9,4571,0,56,170,48324,8,4445,6,4556,0,30,65885
389,Tehama,County,4,4575,0,56,161,48485,8,4453,10,4566,1,31,65885
390,Tehama,County,4,4579,0,56,185,48670,3,4456,12,4578,1,32,65885
391,Tehama,County,4,4583,0,56,134,48804,5,4461,3,4581,0,32,65885
392,Tehama,County,2,4585,0,56,42,48846,2,4463,3,4584,0,32,65885
393,Tehama,County,3,4588,1,57,57,48903,3,4466,6,4590,0,32,65885
394,Tehama,County,7,4595,0,57,310,49213,7,4473,5,4595,0,32,65885
395,Tehama,County,4,4599,0,57,279,49492,9,4482,2,4597,0,32,65885
396,Tehama,County,2,4601,0,57,142,49634,2,4484,4,4601,0,32,65885
397,Tehama,County,3,4604,0,57,177,49811,5,4489,3,4604,1,33,65885
398,Tehama,County,6,4610,0,57,148,49959,7,4496,2,4606,0,33,65885
399,Tehama,County,9,4619,0,57,46,50005,6,4502,4,4610,0,33,65885
400,Tehama,County,0,4619,0,57,56,50061,1,4503,4,4614,0,33,65885
401,Tehama,County,10,4629,1,58,218,50279,10,4513,1,4615,0,33,65885
402,Tehama,County,3,4632,0,58,169,50448,6,4519,5,4620,0,33,65885
403,Tehama,County,8,4640,0,58,143,50591,8,4527,3,4623,0,33,65885
404,Tehama,County,10,4650,0,58,178,50769,8,4535,9,4632,0,33,65885
405,Tehama,County,9,4659,0,58,180,50949,7,4542,6,4638,0,33,65885
406,Tehama,County,4,4663,0,58,52,51001,2,4544,9,4647,0,33,65885
407,Tehama,County,2,4665,0,58,42,51043,3,4547,3,4650,1,34,65885
408,Tehama,County,12,4677,0,58,238,51281,12,4559,0,4650,0,34,65885
409,Tehama,County,10,4687,0,58,143,51424,8,4567,10,4660,0,34,65885
410,Tehama,County,4,4691,0,58,176,51600,9,4576,10,4670,0,34,65885
411,Tehama,County,6,4697,0,58,179,51779,6,4582,13,4683,1,35,65885
412,Tehama,County,6,4703,0,58,148,51927,5,4587,2,4685,-2,33,65885
413,Tehama,County,8,4711,0,58,48,51975,9,4596,11,4696,0,33,65885
414,Tehama,County,5,4716,0,58,42,52017,5,4601,5,4701,12,45,65885
415,Tehama,County,4,4720,0,58,281,52298,10,4611,3,4704,0,45,65885
416,Tehama,County,8,4728,0,58,160,52458,9,4620,3,4707,1,46,65885
417,Tehama,County,11,4739,0,58,129,52587,8,4628,12,4719,3,49,65885
418,Tehama,County,6,4745,0,58,217,52804,9,4637,0,4719,3,52,65885
419,Tehama,County,2,4747,1,59,190,52994,3,4640,3,4722,-1,51,65885
420,Tehama,County,1,4748,0,59,44,53038,1,4641,16,4738,1,52,65885
421,Tehama,County,6,4754,0,59,48,53086,1,4642,2,4740,0,52,65885
422,Tehama,County,10,4764,0,59,228,53314,15,4657,2,4742,0,52,65885
423,Tehama,County,8,4772,0,59,185,53499,4,4661,6,4748,0,52,65885
424,Tehama,County,9,4781,0,59,208,53707,12,4673,14,4762,0,52,65885
425,Tehama,County,5,4786,1,60,208,53915,10,4683,2,4764,0,52,65885
243,Trinity,County,3,34,0,0,42,2915,3,22,0,15,0,0,13354
244,Trinity,County,0,34,0,0,19,2934,0,22,0,15,0,0,13354
245,Trinity,County,0,34,0,0,3,2937,0,22,0,15,0,0,13354
246,Trinity,County,0,34,0,0,27,2964,0,22,6,21,0,0,13354
247,Trinity,County,0,34,0,0,40,3004,1,23,1,22,0,0,13354
248,Trinity,County,0,34,0,0,23,3027,0,23,3,25,0,0,13354
249,Trinity,County,0,34,0,0,19,3046,0,23,0,25,0,0,13354
250,Trinity,County,2,36,0,0,105,3151,1,24,0,25,0,0,13354
251,Trinity,County,0,36,0,0,21,3172,0,24,0,25,0,0,13354
252,Trinity,County,0,36,0,0,2,3174,0,24,-6,19,0,0,13354
253,Trinity,County,0,36,0,0,5,3179,0,24,0,19,0,0,13354
254,Trinity,County,0,36,0,0,11,3190,0,24,0,19,0,0,13354
255,Trinity,County,1,37,0,0,16,3206,0,24,0,19,0,0,13354
256,Trinity,County,4,41,0,0,16,3222,2,26,1,20,0,0,13354
257,Trinity,County,1,42,0,0,44,3266,2,28,0,20,0,0,13354
258,Trinity,County,0,42,0,0,19,3285,1,29,0,20,0,0,13354
259,Trinity,County,0,42,0,0,1,3286,0,29,0,20,0,0,13354
260,Trinity,County,0,42,0,0,1,3287,0,29,0,20,0,0,13354
261,Trinity,County,0,42,0,0,22,3309,0,29,3,23,0,0,13354
262,Trinity,County,2,44,0,0,22,3331,1,30,2,25,0,0,13354
263,Trinity,County,1,45,0,0,17,3348,0,30,0,25,0,0,13354
264,Trinity,County,3,48,0,0,82,3430,3,33,1,26,0,0,13354
265,Trinity,County,1,49,0,0,34,3464,1,34,0,26,0,0,13354
266,Trinity,County,0,49,0,0,2,3466,0,34,-1,25,0,0,13354
267,Trinity,County,0,49,0,0,1,3467,0,34,1,26,0,0,13354
268,Trinity,County,4,53,0,0,10,3477,0,34,0,26,0,0,13354
269,Trinity,County,1,54,0,0,19,3496,0,34,2,28,0,0,13354
270,Trinity,County,3,57,0,0,15,3511,1,35,0,28,0,0,13354
271,Trinity,County,5,62,0,0,72,3583,2,37,0,28,0,0,13354
272,Trinity,County,5,67,0,0,31,3614,6,43,1,29,0,0,13354
273,Trinity,County,0,67,0,0,1,3615,0,43,1,30,0,0,13354
274,Trinity,County,3,70,0,0,7,3622,0,43,0,30,0,0,13354
275,Trinity,County,2,72,0,0,28,3650,4,47,0,30,0,0,13354
276,Trinity,County,4,76,0,0,28,3678,1,48,6,36,0,0,13354
277,Trinity,County,6,82,0,0,82,3760,2,50,1,37,0,0,13354
278,Trinity,County,2,84,0,0,38,3798,4,54,4,41,0,0,13354
279,Trinity,County,14,98,0,0,58,3856,13,67,0,41,0,0,13354
280,Trinity,County,3,101,0,0,0,3856,0,67,1,42,0,0,13354
281,Trinity,County,0,101,0,0,1,3857,0,67,4,46,0,0,13354
282,Trinity,County,3,104,0,0,27,3884,1,68,0,46,0,0,13354
283,Trinity,County,5,109,0,0,59,3943,5,73,16,62,0,0,13354
284,Trinity,County,9,118,0,0,98,4041,11,84,0,62,0,0,13354
285,Trinity,County,9,127,0,0,116,4157,11,95,0,62,0,0,13354
286,Trinity,County,7,134,0,0,51,4208,6,101,2,64,0,0,13354
287,Trinity,County,2,136,0,0,16,4224,5,106,3,67,0,0,13354
288,Trinity,County,5,141,0,0,4,4228,0,106,0,67,0,0,13354
289,Trinity,County,8,149,0,0,52,4280,8,114,0,67,0,0,13354
290,Trinity,County,8,157,0,0,67,4347,4,118,16,83,0,0,13354
291,Trinity,County,14,171,0,0,186,4533,15,133,12,95,0,0,13354
292,Trinity,County,11,182,0,0,111,4644,11,144,2,97,0,0,13354
293,Trinity,County,6,188,0,0,45,4689,4,148,5,102,0,0,13354
294,Trinity,County,1,189,0,0,2,4691,0,148,8,110,0,0,13354
295,Trinity,County,3,192,0,0,44,4735,3,151,4,114,0,0,13354
296,Trinity,County,4,196,0,0,48,4783,5,156,6,120,0,0,13354
297,Trinity,County,6,202,0,0,37,4820,8,164,9,129,0,0,13354
298,Trinity,County,6,208,0,0,45,4865,4,168,6,135,0,0,13354
299,Trinity,County,2,210,1,1,0,4865,0,168,4,139,0,0,13354
300,Trinity,County,4,214,0,1,22,4887,1,169,12,151,0,0,13354
301,Trinity,County,4,218,0,1,9,4896,1,170,6,157,0,0,13354
302,Trinity,County,2,220,0,1,7,4903,0,170,2,159,0,0,13354
303,Trinity,County,3,223,0,1,38,4941,6,176,3,162,0,0,13354
304,Trinity,County,6,229,0,1,33,4974,6,182,3,165,0,0,13354
305,Trinity,County,10,239,0,1,143,5117,12,194,0,165,0,0,13354
306,Trinity,County,7,246,0,1,132,5249,10,204,1,166,0,0,13354
307,Trinity,County,2,248,0,1,20,5269,3,207,6,172,0,0,13354
308,Trinity,County,2,250,1,2,9,5278,1,208,5,177,0,0,13354
309,Trinity,County,1,251,0,2,5,5283,0,208,4,181,0,0,13354
310,Trinity,County,6,257,0,2,31,5314,5,213,13,194,0,0,13354
311,Trinity,County,3,260,0,2,30,5344,3,216,4,198,0,0,13354
312,Trinity,County,5,265,0,2,137,5481,4,220,1,199,0,0,13354
313,Trinity,County,8,273,0,2,86,5567,7,227,3,202,1,1,13354
314,Trinity,County,3,276,0,2,32,5599,1,228,2,204,0,1,13354
315,Trinity,County,2,278,0,2,7,5606,0,228,0,204,0,1,13354
316,Trinity,County,2,280,0,2,4,5610,0,228,0,204,0,1,13354
317,Trinity,County,4,284,0,2,29,5639,1,229,1,205,0,1,13354
318,Trinity,County,3,287,0,2,22,5661,4,233,8,213,0,1,13354
319,Trinity,County,6,293,0,2,61,5722,4,237,-1,212,1,2,13354
320,Trinity,County,6,299,0,2,54,5776,6,243,1,213,0,2,13354
321,Trinity,County,4,303,1,3,47,5823,3,246,2,215,0,2,13354
322,Trinity,County,1,304,0,3,1,5824,0,246,4,219,0,2,13354
323,Trinity,County,0,304,0,3,3,5827,3,249,2,221,0,2,13354
324,Trinity,County,5,309,0,3,63,5890,3,252,5,226,0,2,13354
325,Trinity,County,2,311,0,3,25,5915,2,254,5,231,0,2,13354
326,Trinity,County,0,311,0,3,25,5940,1,255,3,234,0,2,13354
327,Trinity,County,0,311,0,3,9,5949,0,255,1,235,0,2,13354
328,Trinity,County,1,312,0,3,1,5950,0,255,1,236,0,2,13354
329,Trinity,County,3,315,0,3,6,5956,0,255,1,237,0,2,13354
330,Trinity,County,0,315,0,3,1,5957,0,255,3,240,0,2,13354
331,Trinity,County,4,319,0,3,58,6015,2,257,0,240,0,2,13354
332,Trinity,County,2,321,0,3,40,6055,1,258,1,241,0,2,13354
333,Trinity,County,0,321,0,3,21,6076,3,261,-10,231,0,2,13354
334,Trinity,County,1,322,0,3,6,6082,1,262,10,241,0,2,13354
335,Trinity,County,1,323,0,3,1,6083,0,262,2,243,0,2,13354
336,Trinity,County,0,323,0,3,6,6089,0,262,0,243,0,2,13354
337,Trinity,County,3,326,0,3,1,6090,0,262,0,243,0,2,13354
338,Trinity,County,3,329,0,3,59,6149,6,268,2,245,0,2,13354
339,Trinity,County,3,332,0,3,59,6208,4,272,1,246,0,2,13354
340,Trinity,County,0,332,0,3,23,6231,0,272,0,246,0,2,13354
341,Trinity,County,0,332,0,3,4,6235,0,272,1,247,0,2,13354
342,Trinity,County,0,332,0,3,9,6244,0,272,0,247,0,2,13354
343,Trinity,County,0,332,0,3,4,6248,0,272,5,252,0,2,13354
344,Trinity,County,0,332,0,3,3,6251,0,272,1,253,0,2,13354
345,Trinity,County,0,332,0,3,50,6301,2,274,3,256,0,2,13354
346,Trinity,County,0,332,0,3,39,6340,0,274,2,258,1,3,13354
347,Trinity,County,0,332,0,3,24,6364,0,274,2,260,0,3,13354
348,Trinity,County,0,332,0,3,7,6371,0,274,1,261,0,3,13354
349,Trinity,County,0,332,0,3,13,6384,1,275,1,262,0,3,13354
350,Trinity,County,0,332,0,3,4,6388,1,276,-1,261,0,3,13354
351,Trinity,County,0,332,0,3,1,6389,0,276,0,261,0,3,13354
352,Trinity,County,0,332,0,3,4,6393,0,276,-1,260,0,3,13354
353,Trinity,County,0,332,0,3,21,6414,1,277,0,260,0,3,13354
354,Trinity,County,1,333,0,3,25,6439,1,278,0,260,0,3,13354
355,Trinity,County,0,333,0,3,11,6450,0,278,1,261,0,3,13354
356,Trinity,County,0,333,0,3,11,6461,0,278,2,263,0,3,13354
357,Trinity,County,1,334,0,3,4,6465,0,278,-1,262,0,3,13354
358,Trinity,County,0,334,0,3,3,6468,0,278,0,262,0,3,13354
359,Trinity,County,0,334,0,3,14,6482,0,278,0,262,0,3,13354
360,Trinity,County,0,334,0,3,15,6497,0,278,-2,260,0,3,13354
361,Trinity,County,0,334,0,3,13,6510,1,279,0,260,0,3,13354
362,Trinity,County,0,334,0,3,13,6523,1,280,0,260,0,3,13354
363,Trinity,County,2,336,0,3,13,6536,1,281,0,260,0,3,13354
364,Trinity,County,0,336,0,3,4,6540,0,281,-1,259,0,3,13354
365,Trinity,County,0,336,0,3,6,6546,0,281,1,260,0,3,13354
366,Trinity,County,2,338,0,3,13,6559,0,281,0,260,0,3,13354
367,Trinity,County,2,340,0,3,43,6602,3,284,0,260,0,3,13354
368,Trinity,County,0,340,0,3,15,6617,0,284,0,260,0,3,13354
369,Trinity,County,0,340,0,3,21,6638,0,284,0,260,0,3,13354
370,Trinity,County,1,341,0,3,13,6651,3,287,0,260,0,3,13354
371,Trinity,County,1,342,0,3,0,6651,0,287,3,263,0,3,13354
372,Trinity,County,0,342,0,3,1,6652,1,288,1,264,0,3,13354
373,Trinity,County,3,345,0,3,15,6667,2,290,2,266,0,3,13354
374,Trinity,County,2,347,0,3,41,6708,5,295,0,266,0,3,13354
375,Trinity,County,0,347,0,3,23,6731,2,297,2,268,0,3,13354
376,Trinity,County,2,349,0,3,18,6749,3,300,1,269,0,3,13354
377,Trinity,County,0,349,0,3,12,6761,0,300,0,269,0,3,13354
378,Trinity,County,0,349,0,3,1,6762,0,300,3,272,0,3,13354
379,Trinity,County,1,350,0,3,1,6763,0,300,0,272,0,3,13354
380,Trinity,County,0,350,0,3,6,6769,0,300,2,274,0,3,13354
381,Trinity,County,1,351,0,3,38,6807,2,302,1,275,0,3,13354
382,Trinity,County,4,355,0,3,20,6827,0,302,2,277,0,3,13354
383,Trinity,County,0,355,0,3,19,6846,4,306,5,282,0,3,13354
384,Trinity,County,1,356,0,3,21,6867,6,312,0,282,0,3,13354
385,Trinity,County,1,357,0,3,3,6870,1,313,3,285,0,3,13354
386,Trinity,County,1,358,0,3,4,6874,1,314,1,286,0,3,13354
387,Trinity,County,2,360,0,3,24,6898,3,317,1,287,0,3,13354
388,Trinity,County,0,360,0,3,57,6955,4,321,5,292,0,3,13354
389,Trinity,County,0,360,0,3,21,6976,0,321,2,294,0,3,13354
390,Trinity,County,0,360,0,3,23,6999,0,321,3,297,0,3,13354
391,Trinity,County,0,360,0,3,36,7035,0,321,1,298,0,3,13354
392,Trinity,County,1,361,0,3,3,7038,0,321,0,298,0,3,13354
393,Trinity,County,0,361,0,3,3,7041,0,321,0,298,0,3,13354
394,Trinity,County,0,361,0,3,19,7060,1,322,0,298,0,3,13354
395,Trinity,County,0,361,0,3,27,7087,2,324,3,301,0,3,13354
396,Trinity,County,0,361,0,3,23,7110,0,324,1,302,0,3,13354
397,Trinity,County,0,361,0,3,27,7137,0,324,0,302,0,3,13354
398,Trinity,County,0,361,0,3,12,7149,0,324,0,302,0,3,13354
399,Trinity,County,0,361,0,3,24,7173,1,325,0,302,0,3,13354
400,Trinity,County,0,361,0,3,0,7173,0,325,0,302,0,3,13354
401,Trinity,County,0,361,0,3,16,7189,0,325,0,302,0,3,13354
402,Trinity,County,1,362,0,3,14,7203,3,328,2,304,0,3,13354
403,Trinity,County,0,362,0,3,14,7217,0,328,0,304,0,3,13354
404,Trinity,County,0,362,0,3,10,7227,0,328,0,304,0,3,13354
405,Trinity,County,1,363,0,3,3,7230,0,328,2,306,0,3,13354
406,Trinity,County,1,364,0,3,12,7242,0,328,0,306,0,3,13354
407,Trinity,County,0,364,0,3,0,7242,0,328,2,308,0,3,13354
408,Trinity,County,1,365,0,3,10,7252,1,329,0,308,0,3,13354
409,Trinity,County,0,365,0,3,10,7262,1,330,0,308,0,3,13354
410,Trinity,County,0,365,0,3,5,7267,0,330,0,308,0,3,13354
411,Trinity,County,0,365,0,3,11,7278,0,330,2,310,0,3,13354
412,Trinity,County,0,365,0,3,5,7283,0,330,0,310,0,3,13354
413,Trinity,County,0,365,0,3,10,7293,0,330,0,310,0,3,13354
414,Trinity,County,1,366,0,3,1,7294,0,330,0,310,0,3,13354
415,Trinity,County,2,368,0,3,19,7313,3,333,0,310,0,3,13354
416,Trinity,County,0,368,0,3,14,7327,0,333,0,310,0,3,13354
417,Trinity,County,0,368,0,3,15,7342,1,334,0,310,0,3,13354
418,Trinity,County,1,369,0,3,10,7352,1,335,0,310,0,3,13354
419,Trinity,County,0,369,0,3,7,7359,1,336,1,311,0,3,13354
420,Trinity,County,0,369,0,3,16,7375,0,336,2,313,0,3,13354
421,Trinity,County,0,369,0,3,3,7378,0,336,1,314,0,3,13354
422,Trinity,County,2,371,0,3,14,7392,2,338,0,314,0,3,13354
423,Trinity,County,0,371,0,3,13,7405,1,339,2,316,0,3,13354
424,Trinity,County,0,371,0,3,13,7418,1,340,3,319,0,3,13354
425,Trinity,County,0,371,0,3,9,7427,0,340,0,319,0,3,13354
243,Tulare,County,66,16619,2,282,1232,158295,77,19066,65,16182,1,275,484423
244,Tulare,County,73,16692,0,282,1243,159538,83,19149,63,16245,3,278,484423
245,Tulare,County,40,16732,0,282,350,159888,31,19180,77,16322,0,278,484423
246,Tulare,County,42,16774,0,282,444,160332,26,19206,21,16343,0,278,484423
247,Tulare,County,74,16848,1,283,2288,162620,98,19304,0,16343,0,278,484423
248,Tulare,County,58,16906,3,286,1994,164614,98,19402,113,16456,2,280,484423
249,Tulare,County,42,16948,0,286,1307,165921,58,19460,27,16483,2,282,484423
250,Tulare,County,42,16990,0,286,1244,167165,71,19531,90,16573,1,283,484423
251,Tulare,County,61,17051,0,286,1216,168381,81,19612,71,16644,3,286,484423
252,Tulare,County,40,17091,3,289,302,168683,27,19639,65,16709,0,286,484423
253,Tulare,County,34,17125,0,289,261,168944,19,19658,32,16741,0,286,484423
254,Tulare,County,63,17188,0,289,1877,170821,75,19733,1,16742,0,286,484423
255,Tulare,County,52,17240,1,290,2075,172896,64,19797,80,16822,0,286,484423
256,Tulare,County,59,17299,0,290,1508,174404,46,19843,41,16863,1,287,484423
257,Tulare,County,62,17361,1,291,1040,175444,68,19911,55,16918,2,289,484423
258,Tulare,County,60,17421,1,292,1246,176690,76,19987,47,16965,1,290,484423
259,Tulare,County,32,17453,0,292,278,176968,28,20015,30,16995,0,290,484423
260,Tulare,County,30,17483,1,293,233,177201,18,20033,53,17048,0,290,484423
261,Tulare,County,92,17575,1,294,2080,179281,104,20137,-1,17047,1,291,484423
262,Tulare,County,49,17624,3,297,2193,181474,85,20222,109,17156,-2,289,484423
263,Tulare,County,66,17690,1,298,1889,183363,71,20293,48,17204,3,292,484423
264,Tulare,County,36,17726,0,298,1363,184726,57,20350,61,17265,1,293,484423
265,Tulare,County,66,17792,0,298,1321,186047,95,20445,69,17334,2,295,484423
266,Tulare,County,45,17837,1,299,500,186547,39,20484,72,17406,0,295,484423
267,Tulare,County,22,17859,0,299,359,186906,17,20501,25,17431,1,296,484423
268,Tulare,County,72,17931,0,299,2131,189037,82,20583,1,17432,0,296,484423
269,Tulare,County,77,18008,0,299,2007,191044,93,20676,88,17520,0,296,484423
270,Tulare,County,63,18071,0,299,1598,192642,69,20745,49,17569,1,297,484423
271,Tulare,County,56,18127,1,300,1337,193979,83,20828,58,17627,2,299,484423
272,Tulare,County,77,18204,0,300,1126,195105,77,20905,55,17682,0,299,484423
273,Tulare,County,43,18247,1,301,302,195407,33,20938,76,17758,0,299,484423
274,Tulare,County,49,18296,0,301,969,196376,24,20962,16,17774,0,299,484423
275,Tulare,County,112,18408,0,301,2026,198402,102,21064,0,17774,0,299,484423
276,Tulare,County,91,18499,1,302,2087,200489,103,21167,116,17890,-2,297,484423
277,Tulare,County,103,18602,0,302,1844,202333,134,21301,62,17952,1,298,484423
278,Tulare,County,108,18710,0,302,1773,204106,116,21417,97,18049,3,301,484423
279,Tulare,County,84,18794,2,304,1144,205250,92,21509,87,18136,-1,300,484423
280,Tulare,County,62,18856,1,305,487,205737,69,21578,93,18229,4,304,484423
281,Tulare,County,55,18911,0,305,1048,206785,49,21627,43,18272,0,304,484423
282,Tulare,County,141,19052,1,306,2475,209260,121,21748,0,18272,0,304,484423
283,Tulare,County,120,19172,1,307,1674,210934,121,21869,158,18430,1,305,484423
284,Tulare,County,114,19286,1,308,1836,212770,120,21989,70,18500,0,305,484423
285,Tulare,County,130,19416,2,310,1796,214566,162,22151,45,18545,0,305,484423
286,Tulare,County,112,19528,4,314,1232,215798,132,22283,169,18714,0,305,484423
287,Tulare,County,122,19650,1,315,600,216398,89,22372,139,18853,0,305,484423
288,Tulare,County,94,19744,1,316,1260,217658,93,22465,38,18891,0,305,484423
289,Tulare,County,217,19961,1,317,2622,220280,198,22663,0,18891,0,305,484423
290,Tulare,County,176,20137,1,318,2400,222680,199,22862,285,19176,0,305,484423
291,Tulare,County,218,20355,3,321,2355,225035,271,23133,110,19286,1,306,484423
292,Tulare,County,206,20561,1,322,2215,227250,249,23382,98,19384,-2,304,484423
293,Tulare,County,221,20782,2,324,1640,228890,251,23633,184,19568,7,311,484423
294,Tulare,County,131,20913,4,328,971,229861,126,23759,184,19752,2,313,484423
295,Tulare,County,126,21039,2,330,2051,231912,119,23878,66,19818,1,314,484423
296,Tulare,County,248,21287,2,332,2725,234637,235,24113,0,19818,1,315,484423
297,Tulare,County,287,21574,1,333,2667,237304,295,24408,501,20319,0,315,484423
298,Tulare,County,246,21820,2,335,1711,239015,269,24677,209,20528,3,318,484423
299,Tulare,County,90,21910,3,338,289,239304,51,24728,121,20649,1,319,484423
300,Tulare,County,234,22144,0,338,1048,240352,204,24932,-15,20634,0,319,484423
301,Tulare,County,186,22330,0,338,927,241279,226,25158,67,20701,0,319,484423
302,Tulare,County,189,22519,0,338,1692,242971,150,25308,92,20793,0,319,484423
303,Tulare,County,359,22878,5,343,2984,245955,332,25640,40,20833,0,319,484423
304,Tulare,County,384,23262,1,344,3077,249032,402,26042,812,21645,0,319,484423
305,Tulare,County,453,23715,3,347,3191,252223,516,26558,144,21789,2,321,484423
306,Tulare,County,376,24091,5,352,2977,255200,450,27008,204,21993,0,321,484423
307,Tulare,County,395,24486,2,354,2178,257378,415,27423,280,22273,1,322,484423
308,Tulare,County,281,24767,4,358,1024,258402,249,27672,387,22660,2,324,484423
309,Tulare,County,210,24977,2,360,1808,260210,241,27913,96,22756,3,327,484423
310,Tulare,County,518,25495,1,361,3684,263894,582,28495,4,22760,1,328,484423
311,Tulare,County,522,26017,3,364,3941,267835,562,29057,847,23607,2,330,484423
312,Tulare,County,596,26613,7,371,3338,271173,651,29708,517,24124,4,334,484423
313,Tulare,County,596,27209,2,373,3367,274540,657,30365,382,24506,3,337,484423
314,Tulare,County,448,27657,5,378,2615,277155,507,30872,447,24953,1,338,484423
315,Tulare,County,356,28013,8,386,1514,278669,371,31243,380,25333,3,341,484423
316,Tulare,County,261,28274,4,390,1921,280590,278,31521,163,25496,-1,340,484423
317,Tulare,County,491,28765,9,399,3530,284120,482,32003,239,25735,1,341,484423
318,Tulare,County,472,29237,7,406,3312,287432,511,32514,1291,27026,1,342,484423
319,Tulare,County,495,29732,2,408,3446,290878,633,33147,474,27500,10,352,484423
320,Tulare,County,413,30145,8,416,2978,293856,455,33602,352,27852,6,358,484423
321,Tulare,County,393,30538,8,424,2737,296593,477,34079,470,28322,12,370,484423
322,Tulare,County,266,30804,8,432,1249,297842,271,34350,412,28734,5,375,484423
323,Tulare,County,218,31022,4,436,2025,299867,263,34613,344,29078,-2,373,484423
324,Tulare,County,514,31536,5,441,4058,303925,579,35192,404,29482,0,373,484423
325,Tulare,County,487,32023,8,449,3068,306993,582,35774,543,30025,4,377,484423
326,Tulare,County,463,32486,6,455,3518,310511,556,36330,290,30315,8,385,484423
327,Tulare,County,294,32780,7,462,1294,311805,275,36605,512,30827,5,390,484423
328,Tulare,County,115,32895,9,471,274,312079,59,36664,496,31323,8,398,484423
329,Tulare,County,383,33278,7,478,1410,313489,397,37061,342,31665,0,398,484423
330,Tulare,County,297,33575,4,482,2043,315532,320,37381,199,31864,2,400,484423
331,Tulare,County,594,34169,6,488,4077,319609,610,37991,146,32010,4,404,484423
332,Tulare,County,682,34851,7,495,3610,323219,798,38789,535,32545,15,419,484423
333,Tulare,County,658,35509,6,501,3584,326803,708,39497,-132,32413,11,430,484423
334,Tulare,County,551,36060,11,512,2505,329308,590,40087,999,33412,16,446,484423
335,Tulare,County,161,36221,9,521,289,329597,49,40136,582,33994,8,454,484423
336,Tulare,County,404,36625,9,530,1484,331081,407,40543,485,34479,1,455,484423
337,Tulare,County,317,36942,7,537,1898,332979,332,40875,268,34747,0,455,484423
338,Tulare,County,554,37496,8,545,3999,336978,624,41499,313,35060,0,455,484423
339,Tulare,County,558,38054,12,557,3396,340374,679,42178,525,35585,0,455,484423
340,Tulare,County,614,38668,4,561,3157,343531,674,42852,297,35882,10,465,484423
341,Tulare,County,562,39230,6,567,3753,347284,693,43545,515,36397,17,482,484423
342,Tulare,County,403,39633,4,571,2547,349831,463,44008,549,36946,9,491,484423
343,Tulare,County,264,39897,5,576,1166,350997,298,44306,738,37684,5,496,484423
344,Tulare,County,242,40139,9,585,1794,352791,251,44557,328,38012,1,497,484423
345,Tulare,County,412,40551,8,593,3830,356621,535,45092,368,38380,0,497,484423
346,Tulare,County,400,40951,6,599,3046,359667,444,45536,417,38797,12,509,484423
347,Tulare,County,451,41402,8,607,3026,362693,547,46083,332,39129,13,522,484423
348,Tulare,County,407,41809,2,609,3302,365995,506,46589,436,39565,11,533,484423
349,Tulare,County,381,42190,2,611,2250,368245,418,47007,386,39951,2,535,484423
350,Tulare,County,251,42441,4,615,1135,369380,288,47295,704,40655,7,542,484423
351,Tulare,County,186,42627,8,623,1050,370430,195,47490,361,41016,7,549,484423
352,Tulare,County,285,42912,11,634,3263,373693,285,47775,180,41196,0,549,484423
353,Tulare,County,286,43198,10,644,3190,376883,379,48154,363,41559,0,549,484423
354,Tulare,County,274,43472,12,656,2800,379683,371,48525,240,41799,10,559,484423
355,Tulare,County,252,43724,10,666,3170,382853,379,48904,283,42082,10,569,484423
356,Tulare,County,205,43929,6,672,2044,384897,227,49131,225,42307,4,573,484423
357,Tulare,County,177,44106,5,677,902,385799,183,49314,354,42661,2,575,484423
358,Tulare,County,148,44254,9,686,1319,387118,124,49438,345,43006,2,577,484423
359,Tulare,County,213,44467,7,693,3136,390254,246,49684,118,43124,1,578,484423
360,Tulare,County,214,44681,4,697,2683,392937,301,49985,270,43394,1,579,484423
361,Tulare,County,201,44882,3,700,2624,395561,270,50255,68,43462,4,583,484423
362,Tulare,County,185,45067,5,705,3045,398606,263,50518,280,43742,12,595,484423
363,Tulare,County,156,45223,4,709,1919,400525,221,50739,183,43925,11,606,484423
364,Tulare,County,105,45328,2,711,651,401176,113,50852,278,44203,9,615,484423
365,Tulare,County,134,45462,3,714,1133,402309,129,50981,237,44440,3,618,484423
366,Tulare,County,167,45629,4,718,3362,405671,179,51160,129,44569,0,618,484423
367,Tulare,County,144,45773,0,718,2561,408232,197,51357,151,44720,7,625,484423
368,Tulare,County,154,45927,5,723,2351,410583,230,51587,118,44838,15,640,484423
369,Tulare,County,167,46094,4,727,2909,413492,265,51852,145,44983,16,656,484423
370,Tulare,County,124,46218,7,734,1718,415210,146,51998,155,45138,7,663,484423
371,Tulare,County,76,46294,2,736,528,415738,63,52061,211,45349,1,664,484423
372,Tulare,County,65,46359,7,743,828,416566,55,52116,171,45520,7,671,484423
373,Tulare,County,121,46480,5,748,3179,419745,143,52259,97,45617,2,673,484423
374,Tulare,County,106,46586,2,750,2603,422348,154,52413,87,45704,13,686,484423
375,Tulare,County,131,46717,3,753,2177,424525,182,52595,78,45782,10,696,484423
376,Tulare,County,115,46832,5,758,2447,426972,146,52741,115,45897,10,706,484423
377,Tulare,County,92,46924,5,763,1650,428622,140,52881,119,46016,4,710,484423
378,Tulare,County,78,47002,4,767,533,429155,76,52957,146,46162,-1,709,484423
379,Tulare,County,44,47046,2,769,384,429539,46,53003,101,46263,6,715,484423
380,Tulare,County,75,47121,4,773,2424,431963,90,53093,81,46344,0,715,484423
381,Tulare,County,73,47194,2,775,2714,434677,119,53212,100,46444,1,716,484423
382,Tulare,County,64,47258,2,777,1924,436601,112,53324,51,46495,10,726,484423
383,Tulare,County,61,47319,3,780,2016,438617,97,53421,96,46591,2,728,484423
384,Tulare,County,59,47378,1,781,1283,439900,66,53487,71,46662,8,736,484423
385,Tulare,County,44,47422,1,782,631,440531,41,53528,107,46769,3,739,484423
386,Tulare,County,36,47458,3,785,1007,441538,37,53565,61,46830,10,749,484423
387,Tulare,County,67,47525,10,795,2598,444136,84,53649,49,46879,2,751,484423
388,Tulare,County,61,47586,3,798,2403,446539,96,53745,58,46937,6,757,484423
389,Tulare,County,79,47665,0,798,1950,448489,109,53854,39,46976,2,759,484423
390,Tulare,County,54,47719,1,799,1821,450310,79,53933,76,47052,6,765,484423
391,Tulare,County,48,47767,2,801,1108,451418,67,54000,83,47135,5,770,484423
392,Tulare,County,35,47802,2,803,479,451897,26,54026,74,47209,0,770,484423
393,Tulare,County,36,47838,3,806,1163,453060,22,54048,49,47258,10,780,484423
394,Tulare,County,62,47900,0,806,2465,455525,68,54116,17,47275,1,781,484423
395,Tulare,County,37,47937,4,810,2141,457666,62,54178,51,47326,2,783,484423
396,Tulare,County,57,47994,1,811,1660,459326,85,54263,22,47348,-5,778,484423
397,Tulare,County,50,48044,1,812,2037,461363,65,54328,50,47398,6,784,484423
398,Tulare,County,44,48088,0,812,1189,462552,52,54380,71,47469,5,789,484423
399,Tulare,County,27,48115,0,812,391,462943,26,54406,46,47515,0,789,484423
400,Tulare,County,31,48146,2,814,1041,463984,23,54429,54,47569,1,790,484423
401,Tulare,County,57,48203,0,814,2508,466492,69,54498,18,47587,1,791,484423
402,Tulare,County,38,48241,1,815,2292,468784,51,54549,50,47637,1,792,484423
403,Tulare,County,26,48267,0,815,1550,470334,48,54597,22,47659,1,793,484423
404,Tulare,County,48,48315,0,815,1931,472265,50,54647,50,47709,4,797,484423
405,Tulare,County,36,48351,3,818,891,473156,52,54699,63,47772,1,798,484423
406,Tulare,County,24,48375,1,819,370,473526,26,54725,46,47818,0,798,484423
407,Tulare,County,25,48400,0,819,304,473830,26,54751,27,47845,2,800,484423
408,Tulare,County,33,48433,2,821,3023,476853,44,54795,12,47857,0,800,484423
409,Tulare,County,30,48463,0,821,2310,479163,37,54832,38,47895,3,803,484423
410,Tulare,County,48,48511,1,822,1707,480870,55,54887,34,47929,2,805,484423
411,Tulare,County,20,48531,3,825,1424,482294,25,54912,35,47964,0,805,484423
412,Tulare,County,19,48550,0,825,1117,483411,29,54941,25,47989,0,805,484423
413,Tulare,County,23,48573,1,826,319,483730,23,54964,41,48030,-1,804,484423
414,Tulare,County,15,48588,2,828,364,484094,14,54978,30,48060,3,807,484423
415,Tulare,County,16,48604,0,828,2705,486799,32,55010,14,48074,0,807,484423
416,Tulare,County,15,48619,0,828,2114,488913,29,55039,21,48095,1,808,484423
417,Tulare,County,27,48646,0,828,1712,490625,36,55075,14,48109,0,808,484423
418,Tulare,County,10,48656,1,829,1410,492035,22,55097,39,48148,3,811,484423
419,Tulare,County,25,48681,0,829,1049,493084,25,55122,31,48179,2,813,484423
420,Tulare,County,14,48695,0,829,375,493459,13,55135,24,48203,0,813,484423
421,Tulare,County,16,48711,0,829,378,493837,12,55147,15,48218,2,815,484423
422,Tulare,County,29,48740,0,829,2456,496293,29,55176,8,48226,0,815,484423
423,Tulare,County,27,48767,2,831,1877,498170,25,55201,23,48249,0,815,484423
424,Tulare,County,13,48780,3,834,1080,499250,25,55226,12,48261,1,816,484423
425,Tulare,County,19,48799,0,834,1540,500790,48,55274,18,48279,1,817,484423
243,Tuolumne,County,2,235,0,4,249,27394,2,322,-1,223,0,2,52351
244,Tuolumne,County,0,235,0,4,199,27593,3,325,2,225,0,2,52351
245,Tuolumne,County,2,237,0,4,64,27657,3,328,-1,224,0,2,52351
246,Tuolumne,County,1,238,0,4,36,27693,0,328,2,226,0,2,52351
247,Tuolumne,County,2,240,0,4,281,27974,0,328,0,226,0,2,52351
248,Tuolumne,County,3,243,0,4,309,28283,6,334,1,227,0,2,52351
249,Tuolumne,County,1,244,0,4,239,28522,0,334,0,227,1,3,52351
250,Tuolumne,County,0,244,0,4,204,28726,2,336,3,230,1,4,52351
251,Tuolumne,County,1,245,0,4,176,28902,1,337,0,230,0,4,52351
252,Tuolumne,County,3,248,0,4,57,28959,1,338,3,233,0,4,52351
253,Tuolumne,County,0,248,0,4,108,29067,1,339,1,234,0,4,52351
254,Tuolumne,County,4,252,0,4,278,29345,4,343,0,234,0,4,52351
255,Tuolumne,County,5,257,0,4,325,29670,7,350,1,235,0,4,52351
256,Tuolumne,County,2,259,0,4,221,29891,7,357,1,236,0,4,52351
257,Tuolumne,County,1,260,0,4,192,30083,2,359,0,236,0,4,52351
258,Tuolumne,County,2,262,0,4,172,30255,0,359,1,237,0,4,52351
259,Tuolumne,County,3,265,0,4,71,30326,3,362,4,241,0,4,52351
260,Tuolumne,County,0,265,0,4,40,30366,3,365,4,245,0,4,52351
261,Tuolumne,County,5,270,0,4,346,30712,5,370,2,247,0,4,52351
262,Tuolumne,County,2,272,0,4,321,31033,12,382,3,250,0,4,52351
263,Tuolumne,County,2,274,0,4,250,31283,3,385,1,251,0,4,52351
264,Tuolumne,County,1,275,0,4,253,31536,2,387,1,252,0,4,52351
265,Tuolumne,County,2,277,0,4,188,31724,3,390,2,254,0,4,52351
266,Tuolumne,County,2,279,0,4,79,31803,4,394,15,269,0,4,52351
267,Tuolumne,County,3,282,0,4,75,31878,1,395,2,271,0,4,52351
268,Tuolumne,County,5,287,0,4,284,32162,8,403,0,271,0,4,52351
269,Tuolumne,County,9,296,0,4,229,32391,8,411,4,275,0,4,52351
270,Tuolumne,County,4,300,1,5,298,32689,9,420,2,277,0,4,52351
271,Tuolumne,County,3,303,1,6,233,32922,2,422,2,279,0,4,52351
272,Tuolumne,County,5,308,0,6,167,33089,4,426,7,286,0,4,52351
273,Tuolumne,County,7,315,0,6,89,33178,2,428,4,290,1,5,52351
274,Tuolumne,County,6,321,2,8,147,33325,4,432,5,295,0,5,52351
275,Tuolumne,County,22,343,0,8,282,33607,4,436,7,302,0,5,52351
276,Tuolumne,County,20,363,0,8,409,34016,17,453,0,302,0,5,52351
277,Tuolumne,County,23,386,1,9,352,34368,17,470,8,310,0,5,52351
278,Tuolumne,County,22,408,0,9,295,34663,18,488,2,312,0,5,52351
279,Tuolumne,County,29,437,0,9,307,34970,32,520,4,316,0,5,52351
280,Tuolumne,County,21,458,0,9,232,35202,22,542,11,327,2,7,52351
281,Tuolumne,County,11,469,0,9,271,35473,7,549,14,341,0,7,52351
282,Tuolumne,County,27,496,0,9,416,35889,25,574,5,346,0,7,52351
283,Tuolumne,County,54,550,0,9,493,36382,42,616,7,353,0,7,52351
284,Tuolumne,County,48,598,0,9,510,36892,35,651,1,354,0,7,52351
285,Tuolumne,County,56,654,0,9,503,37395,57,708,-1,353,0,7,52351
286,Tuolumne,County,39,693,0,9,426,37821,43,751,74,427,0,7,52351
287,Tuolumne,County,33,726,0,9,260,38081,25,776,21,448,0,7,52351
288,Tuolumne,County,28,754,0,9,283,38364,17,793,38,486,0,7,52351
289,Tuolumne,County,41,795,0,9,474,38838,53,846,57,543,0,7,52351
290,Tuolumne,County,36,831,0,9,603,39441,46,892,25,568,0,7,52351
291,Tuolumne,County,38,869,0,9,486,39927,48,940,22,590,0,7,52351
292,Tuolumne,County,36,905,2,11,516,40443,44,984,12,602,0,7,52351
293,Tuolumne,County,32,937,0,11,424,40867,38,1022,60,662,0,7,52351
294,Tuolumne,County,39,976,0,11,295,41162,53,1075,28,690,0,7,52351
295,Tuolumne,County,19,995,0,11,248,41410,16,1091,-1,689,0,7,52351
296,Tuolumne,County,26,1021,0,11,342,41752,45,1136,85,774,0,7,52351
297,Tuolumne,County,40,1061,0,11,643,42395,63,1199,58,832,0,7,52351
298,Tuolumne,County,29,1090,0,11,412,42807,52,1251,10,842,0,7,52351
299,Tuolumne,County,17,1107,0,11,56,42863,1,1252,29,871,0,7,52351
300,Tuolumne,County,28,1135,0,11,370,43233,41,1293,10,881,0,7,52351
301,Tuolumne,County,32,1167,1,12,240,43473,39,1332,95,976,0,7,52351
302,Tuolumne,County,22,1189,1,13,239,43712,11,1343,12,988,0,7,52351
303,Tuolumne,County,36,1225,0,13,498,44210,53,1396,39,1027,0,7,52351
304,Tuolumne,County,45,1270,2,15,573,44783,44,1440,25,1052,0,7,52351
305,Tuolumne,County,36,1306,1,16,507,45290,50,1490,24,1076,0,7,52351
306,Tuolumne,County,40,1346,0,16,486,45776,46,1536,29,1105,0,7,52351
307,Tuolumne,County,41,1387,0,16,399,46175,60,1596,29,1134,0,7,52351
308,Tuolumne,County,31,1418,0,16,224,46399,34,1630,46,1180,0,7,52351
309,Tuolumne,County,56,1474,1,17,379,46778,71,1701,30,1210,0,7,52351
310,Tuolumne,County,97,1571,0,17,1162,47940,112,1813,46,1256,0,7,52351
311,Tuolumne,County,83,1654,1,18,690,48630,112,1925,8,1264,0,7,52351
312,Tuolumne,County,29,1683,0,18,996,49626,55,1980,55,1319,1,8,52351
313,Tuolumne,County,41,1724,2,20,440,50066,46,2026,132,1451,0,8,52351
314,Tuolumne,County,259,1983,0,20,955,51021,254,2280,59,1510,0,8,52351
315,Tuolumne,County,15,1998,0,20,203,51224,19,2299,26,1536,0,8,52351
316,Tuolumne,County,43,2041,2,22,339,51563,43,2342,75,1611,0,8,52351
317,Tuolumne,County,63,2104,0,22,620,52183,65,2407,36,1647,0,8,52351
318,Tuolumne,County,57,2161,0,22,1037,53220,74,2481,227,1874,0,8,52351
319,Tuolumne,County,31,2192,0,22,428,53648,53,2534,67,1941,3,11,52351
320,Tuolumne,County,46,2238,0,22,408,54056,49,2583,51,1992,0,11,52351
321,Tuolumne,County,311,2549,2,24,789,54845,352,2935,75,2067,1,12,52351
322,Tuolumne,County,11,2560,1,25,184,55029,9,2944,40,2107,0,12,52351
323,Tuolumne,County,13,2573,1,26,315,55344,17,2961,45,2152,0,12,52351
324,Tuolumne,County,112,2685,0,26,653,55997,122,3083,271,2423,0,12,52351
325,Tuolumne,County,25,2710,0,26,991,56988,27,3110,103,2526,0,12,52351
326,Tuolumne,County,55,2765,1,27,426,57414,54,3164,14,2540,0,12,52351
327,Tuolumne,County,40,2805,1,28,151,57565,41,3205,113,2653,0,12,52351
328,Tuolumne,County,8,2813,1,29,24,57589,4,3209,21,2674,0,12,52351
329,Tuolumne,County,19,2832,1,30,232,57821,32,3241,29,2703,0,12,52351
330,Tuolumne,County,11,2843,0,30,149,57970,8,3249,47,2750,0,12,52351
331,Tuolumne,County,107,2950,0,30,564,58534,103,3352,27,2777,0,12,52351
332,Tuolumne,County,16,2966,0,30,661,59195,18,3370,20,2797,0,12,52351
333,Tuolumne,County,42,3008,0,30,654,59849,56,3426,-25,2772,0,12,52351
334,Tuolumne,County,13,3021,0,30,180,60029,18,3444,130,2902,0,12,52351
335,Tuolumne,County,8,3029,0,30,49,60078,3,3447,7,2909,1,13,52351
336,Tuolumne,County,16,3045,0,30,213,60291,15,3462,33,2942,0,13,52351
337,Tuolumne,County,14,3059,2,32,301,60592,15,3477,36,2978,0,13,52351
338,Tuolumne,County,62,3121,0,32,619,61211,68,3545,9,2987,0,13,52351
339,Tuolumne,County,25,3146,1,33,997,62208,35,3580,9,2996,0,13,52351
340,Tuolumne,County,24,3170,2,35,494,62702,35,3615,12,3008,1,14,52351
341,Tuolumne,County,20,3190,0,35,355,63057,25,3640,60,3068,0,14,52351
342,Tuolumne,County,20,3210,0,35,413,63470,24,3664,31,3099,5,19,52351
343,Tuolumne,County,9,3219,1,36,248,63718,11,3675,18,3117,7,26,52351
344,Tuolumne,County,8,3227,2,38,258,63976,5,3680,26,3143,1,27,52351
345,Tuolumne,County,34,3261,1,39,510,64486,32,3712,22,3165,0,27,52351
346,Tuolumne,County,11,3272,2,41,969,65455,12,3724,13,3178,1,28,52351
347,Tuolumne,County,34,3306,1,42,476,65931,40,3764,18,3196,0,28,52351
348,Tuolumne,County,14,3320,2,44,464,66395,22,3786,19,3215,0,28,52351
349,Tuolumne,County,21,3341,0,44,299,66694,24,3810,16,3231,-1,27,52351
350,Tuolumne,County,16,3357,2,46,168,66862,17,3827,38,3269,0,27,52351
351,Tuolumne,County,7,3364,0,46,117,66979,9,3836,18,3287,0,27,52351
352,Tuolumne,County,17,3381,0,46,466,67445,28,3864,31,3318,1,28,52351
353,Tuolumne,County,23,3404,0,46,514,67959,22,3886,10,3328,1,29,52351
354,Tuolumne,County,27,3431,0,46,444,68403,30,3916,27,3355,0,29,52351
355,Tuolumne,County,14,3445,0,46,403,68806,22,3938,10,3365,0,29,52351
356,Tuolumne,County,10,3455,0,46,306,69112,11,3949,14,3379,0,29,52351
357,Tuolumne,County,29,3484,0,46,155,69267,32,3981,28,3407,0,29,52351
358,Tuolumne,County,7,3491,0,46,171,69438,7,3988,9,3416,0,29,52351
359,Tuolumne,County,10,3501,0,46,373,69811,8,3996,6,3422,0,29,52351
360,Tuolumne,County,9,3510,0,46,446,70257,18,4014,29,3451,1,30,52351
361,Tuolumne,County,10,3520,0,46,242,70499,15,4029,13,3464,2,32,52351
362,Tuolumne,County,10,3530,0,46,333,70832,14,4043,8,3472,0,32,52351
363,Tuolumne,County,14,3544,1,47,279,71111,18,4061,11,3483,4,36,52351
364,Tuolumne,County,10,3554,0,47,140,71251,13,4074,25,3508,0,36,52351
365,Tuolumne,County,4,3558,0,47,225,71476,8,4082,11,3519,3,39,52351
366,Tuolumne,County,39,3597,0,47,611,72087,41,4123,15,3534,0,39,52351
367,Tuolumne,County,8,3605,0,47,294,72381,9,4132,14,3548,0,39,52351
368,Tuolumne,County,12,3617,0,47,341,72722,12,4144,20,3568,6,45,52351
369,Tuolumne,County,11,3628,0,47,296,73018,20,4164,17,3585,0,45,52351
370,Tuolumne,County,40,3668,0,47,298,73316,40,4204,10,3595,0,45,52351
371,Tuolumne,County,26,3694,1,48,151,73467,21,4225,17,3612,3,48,52351
372,Tuolumne,County,7,3701,0,48,186,73653,10,4235,7,3619,0,48,52351
373,Tuolumne,County,24,3725,0,48,398,74051,30,4265,28,3647,0,48,52351
374,Tuolumne,County,8,3733,0,48,354,74405,13,4278,26,3673,0,48,52351
375,Tuolumne,County,20,3753,1,49,320,74725,22,4300,18,3691,0,48,52351
376,Tuolumne,County,8,3761,0,49,227,74952,12,4312,25,3716,0,48,52351
377,Tuolumne,County,37,3798,2,51,324,75276,43,4355,20,3736,1,49,52351
378,Tuolumne,County,2,3800,1,52,82,75358,3,4358,16,3752,0,49,52351
379,Tuolumne,County,1,3801,0,52,56,75414,1,4359,12,3764,0,49,52351
380,Tuolumne,County,1,3802,0,52,341,75755,4,4363,30,3794,0,49,52351
381,Tuolumne,County,10,3812,0,52,402,76157,9,4372,2,3796,0,49,52351
382,Tuolumne,County,2,3814,1,53,300,76457,3,4375,10,3806,0,49,52351
383,Tuolumne,County,9,3823,0,53,253,76710,5,4380,5,3811,3,52,52351
384,Tuolumne,County,37,3860,0,53,260,76970,39,4419,6,3817,0,52,52351
385,Tuolumne,County,6,3866,0,53,67,77037,5,4424,6,3823,1,53,52351
386,Tuolumne,County,5,3871,0,53,212,77249,8,4432,5,3828,0,53,52351
387,Tuolumne,County,14,3885,1,54,899,78148,21,4453,28,3856,0,53,52351
388,Tuolumne,County,4,3889,0,54,407,78555,4,4457,8,3864,0,53,52351
389,Tuolumne,County,4,3893,0,54,275,78830,6,4463,23,3887,0,53,52351
390,Tuolumne,County,3,3896,0,54,217,79047,8,4471,7,3894,0,53,52351
391,Tuolumne,County,3,3899,0,54,174,79221,4,4475,2,3896,0,53,52351
392,Tuolumne,County,1,3900,0,54,61,79282,3,4478,3,3899,0,53,52351
393,Tuolumne,County,3,3903,0,54,190,79472,1,4479,6,3905,0,53,52351
394,Tuolumne,County,5,3908,0,54,738,80210,3,4482,2,3907,0,53,52351
395,Tuolumne,County,3,3911,0,54,421,80631,2,4484,1,3908,0,53,52351
396,Tuolumne,County,4,3915,0,54,337,80968,3,4487,6,3914,3,56,52351
397,Tuolumne,County,2,3917,0,54,285,81253,4,4491,2,3916,0,56,52351
398,Tuolumne,County,6,3923,0,54,177,81430,3,4494,1,3917,0,56,52351
399,Tuolumne,County,2,3925,0,54,72,81502,1,4495,3,3920,0,56,52351
400,Tuolumne,County,2,3927,0,54,205,81707,3,4498,2,3922,0,56,52351
401,Tuolumne,County,1,3928,0,54,397,82104,5,4503,-1,3921,0,56,52351
402,Tuolumne,County,1,3929,1,55,704,82808,2,4505,8,3929,0,56,52351
403,Tuolumne,County,2,3931,0,55,263,83071,3,4508,2,3931,1,57,52351
404,Tuolumne,County,1,3932,0,55,197,83268,2,4510,3,3934,0,57,52351
405,Tuolumne,County,2,3934,0,55,161,83429,1,4511,2,3936,0,57,52351
406,Tuolumne,County,1,3935,0,55,42,83471,0,4511,1,3937,0,57,52351
407,Tuolumne,County,3,3938,0,55,56,83527,1,4512,0,3937,0,57,52351
408,Tuolumne,County,2,3940,0,55,573,84100,5,4517,0,3937,0,57,52351
409,Tuolumne,County,2,3942,0,55,844,84944,5,4522,1,3938,0,57,52351
410,Tuolumne,County,3,3945,0,55,376,85320,5,4527,0,3938,0,57,52351
411,Tuolumne,County,3,3948,0,55,283,85603,2,4529,4,3942,0,57,52351
412,Tuolumne,County,0,3948,0,55,155,85758,4,4533,4,3946,0,57,52351
413,Tuolumne,County,3,3951,0,55,42,85800,1,4534,4,3950,0,57,52351
414,Tuolumne,County,3,3954,0,55,64,85864,2,4536,3,3953,0,57,52351
415,Tuolumne,County,2,3956,0,55,913,86777,5,4541,1,3954,0,57,52351
416,Tuolumne,County,3,3959,0,55,955,87732,1,4542,3,3957,0,57,52351
417,Tuolumne,County,3,3962,0,55,311,88043,4,4546,4,3961,0,57,52351
418,Tuolumne,County,1,3963,0,55,388,88431,5,4551,1,3962,0,57,52351
419,Tuolumne,County,1,3964,0,55,132,88563,2,4553,3,3965,0,57,52351
420,Tuolumne,County,1,3965,0,55,36,88599,0,4553,3,3968,0,57,52351
421,Tuolumne,County,3,3968,0,55,59,88658,3,4556,1,3969,0,57,52351
422,Tuolumne,County,2,3970,0,55,957,89615,3,4559,0,3969,0,57,52351
423,Tuolumne,County,2,3972,0,55,817,90432,4,4563,3,3972,0,57,52351
424,Tuolumne,County,5,3977,1,56,125,90557,6,4569,4,3976,0,57,52351
425,Tuolumne,County,0,3977,1,57,205,90762,2,4571,2,3978,0,57,52351
243,Ventura,County,35,13527,0,163,2612,293743,43,15938,89,13057,1,146,852747
244,Ventura,County,49,13576,0,163,2995,296738,64,16002,63,13120,0,146,852747
245,Ventura,County,37,13613,0,163,1690,298428,39,16041,30,13150,2,148,852747
246,Ventura,County,39,13652,0,163,902,299330,38,16079,47,13197,1,149,852747
247,Ventura,County,82,13734,0,163,3839,303169,99,16178,27,13224,0,149,852747
248,Ventura,County,68,13802,1,164,2970,306139,90,16268,18,13242,1,150,852747
249,Ventura,County,67,13869,0,164,3664,309803,62,16330,91,13333,0,150,852747
250,Ventura,County,50,13919,0,164,3429,313232,59,16389,66,13399,1,151,852747
251,Ventura,County,47,13966,1,165,3147,316379,85,16474,70,13469,0,151,852747
252,Ventura,County,36,14002,1,166,1634,318013,30,16504,51,13520,0,151,852747
253,Ventura,County,25,14027,0,166,865,318878,20,16524,84,13604,0,151,852747
254,Ventura,County,61,14088,0,166,3467,322345,75,16599,13,13617,0,151,852747
255,Ventura,County,62,14150,0,166,3240,325585,79,16678,28,13645,0,151,852747
256,Ventura,County,53,14203,1,167,3188,328773,62,16740,52,13697,1,152,852747
257,Ventura,County,53,14256,0,167,2556,331329,73,16813,53,13750,0,152,852747
258,Ventura,County,56,14312,0,167,2640,333969,91,16904,55,13805,0,152,852747
259,Ventura,County,43,14355,2,169,1169,335138,39,16943,40,13845,-1,151,852747
260,Ventura,County,45,14400,0,169,785,335923,21,16964,56,13901,0,151,852747
261,Ventura,County,79,14479,1,170,3769,339692,107,17071,29,13930,1,152,852747
262,Ventura,County,66,14545,1,171,3067,342759,65,17136,50,13980,0,152,852747
263,Ventura,County,64,14609,0,171,3391,346150,60,17196,70,14050,1,153,852747
264,Ventura,County,63,14672,0,171,3290,349440,79,17275,74,14124,1,154,852747
265,Ventura,County,47,14719,0,171,2345,351785,48,17323,68,14192,1,155,852747
266,Ventura,County,29,14748,1,172,1198,352983,38,17361,48,14240,-1,154,852747
267,Ventura,County,53,14801,0,172,1018,354001,29,17390,60,14300,0,154,852747
268,Ventura,County,93,14894,1,173,3377,357378,103,17493,30,14330,0,154,852747
269,Ventura,County,70,14964,0,173,3389,360767,99,17592,17,14347,-1,153,852747
270,Ventura,County,83,15047,0,173,3147,363914,83,17675,62,14409,0,153,852747
271,Ventura,County,73,15120,0,173,2833,366747,88,17763,77,14486,1,154,852747
272,Ventura,County,90,15210,0,173,3292,370039,93,17856,92,14578,0,154,852747
273,Ventura,County,71,15281,0,173,1163,371202,47,17903,57,14635,1,155,852747
274,Ventura,County,83,15364,0,173,1154,372356,40,17943,51,14686,1,156,852747
275,Ventura,County,146,15510,1,174,4693,377049,197,18140,81,14767,0,156,852747
276,Ventura,County,135,15645,1,175,4039,381088,137,18277,49,14816,-1,155,852747
277,Ventura,County,127,15772,0,175,4157,385245,125,18402,120,14936,0,155,852747
278,Ventura,County,140,15912,0,175,4387,389632,163,18565,177,15113,0,155,852747
279,Ventura,County,166,16078,0,175,4300,393932,217,18782,109,15222,-1,154,852747
280,Ventura,County,86,16164,0,175,1448,395380,80,18862,142,15364,2,156,852747
281,Ventura,County,60,16224,0,175,1167,396547,52,18914,140,15504,0,156,852747
282,Ventura,County,195,16419,1,176,4841,401388,239,19153,64,15568,0,156,852747
283,Ventura,County,202,16621,0,176,4807,406195,241,19394,57,15625,2,158,852747
284,Ventura,County,183,16804,0,176,4134,410329,167,19561,176,15801,0,158,852747
285,Ventura,County,215,17019,3,179,4876,415205,221,19782,212,16013,0,158,852747
286,Ventura,County,249,17268,1,180,5400,420605,294,20076,159,16172,13,171,852747
287,Ventura,County,145,17413,1,181,2240,422845,150,20226,125,16297,1,172,852747
288,Ventura,County,145,17558,1,182,2038,424883,95,20321,267,16564,0,172,852747
289,Ventura,County,274,17832,0,182,6378,431261,417,20738,127,16691,0,172,852747
290,Ventura,County,338,18170,1,183,6908,438169,396,21134,106,16797,1,173,852747
291,Ventura,County,273,18443,2,185,6320,444489,289,21423,372,17169,0,173,852747
292,Ventura,County,325,18768,2,187,7225,451714,387,21810,131,17300,1,174,852747
293,Ventura,County,353,19121,2,189,7438,459152,442,22252,441,17741,1,175,852747
294,Ventura,County,167,19288,1,190,2942,462094,170,22422,299,18040,2,177,852747
295,Ventura,County,163,19451,1,191,2534,464628,186,22608,65,18105,2,179,852747
296,Ventura,County,361,19812,3,194,7820,472448,440,23048,375,18480,0,179,852747
297,Ventura,County,375,20187,2,196,7803,480251,478,23526,157,18637,0,179,852747
298,Ventura,County,381,20568,0,196,5847,486098,429,23955,277,18914,0,179,852747
299,Ventura,County,93,20661,2,198,363,486461,26,23981,144,19058,0,179,852747
300,Ventura,County,496,21157,0,198,5495,491956,650,24631,321,19379,0,179,852747
301,Ventura,County,322,21479,1,199,3215,495171,344,24975,131,19510,0,179,852747
302,Ventura,County,298,21777,3,202,2869,498040,319,25294,442,19952,0,179,852747
303,Ventura,County,684,22461,1,203,8307,506347,905,26199,356,20308,1,180,852747
304,Ventura,County,759,23220,1,204,8590,514937,930,27129,296,20604,6,186,852747
305,Ventura,County,613,23833,3,207,7721,522658,751,27880,604,21208,0,186,852747
306,Ventura,County,408,24241,1,208,6159,528817,484,28364,347,21555,1,187,852747
307,Ventura,County,703,24944,0,208,8476,537293,937,29301,469,22024,2,189,852747
308,Ventura,County,376,25320,1,209,3412,540705,424,29725,686,22710,2,191,852747
309,Ventura,County,368,25688,2,211,3333,544038,399,30124,325,23035,0,191,852747
310,Ventura,County,543,26231,0,211,5695,549733,612,30736,319,23354,0,191,852747
311,Ventura,County,584,26815,2,213,5578,555311,633,31369,311,23665,4,195,852747
312,Ventura,County,662,27477,3,216,6543,561854,817,32186,165,23830,6,201,852747
313,Ventura,County,860,28337,4,220,8292,570146,1030,33216,245,24075,1,202,852747
314,Ventura,County,852,29189,4,224,7179,577325,1013,34229,924,24999,0,202,852747
315,Ventura,County,605,29794,4,228,4459,581784,679,34908,956,25955,0,202,852747
316,Ventura,County,444,30238,1,229,3524,585308,507,35415,633,26588,0,202,852747
317,Ventura,County,999,31237,3,232,8629,593937,1193,36608,848,27436,0,202,852747
318,Ventura,County,920,32157,4,236,8223,602160,1107,37715,500,27936,-1,201,852747
319,Ventura,County,621,32778,7,243,6763,608923,693,38408,630,28566,2,203,852747
320,Ventura,County,772,33550,6,249,8125,617048,908,39316,838,29404,5,208,852747
321,Ventura,County,608,34158,8,257,6411,623459,655,39971,503,29907,1,209,852747
322,Ventura,County,501,34659,6,263,4402,627861,565,40536,936,30843,0,209,852747
323,Ventura,County,280,34939,2,265,2328,630189,241,40777,492,31335,1,210,852747
324,Ventura,County,703,35642,10,275,6989,637178,706,41483,424,31759,2,212,852747
325,Ventura,County,1081,36723,14,289,9218,646396,1287,42770,729,32488,1,213,852747
326,Ventura,County,761,37484,10,299,7852,654248,879,43649,889,33377,3,216,852747
327,Ventura,County,389,37873,7,306,2582,656830,290,43939,1023,34400,8,224,852747
328,Ventura,County,278,38151,10,316,653,657483,125,44064,1114,35514,6,230,852747
329,Ventura,County,1154,39305,10,326,6434,663917,1323,45387,550,36064,0,230,852747
330,Ventura,County,961,40266,6,332,5320,669237,1068,46455,597,36661,0,230,852747
331,Ventura,County,1060,41326,11,343,7245,676482,1033,47488,490,37151,0,230,852747
332,Ventura,County,1667,42993,7,350,11180,687662,1993,49481,1518,38669,5,235,852747
333,Ventura,County,1253,44246,11,361,9708,697370,1440,50921,370,39039,16,251,852747
334,Ventura,County,1287,45533,12,373,8868,706238,1504,52425,1815,40854,0,251,852747
335,Ventura,County,507,46040,7,380,962,707200,199,52624,1172,42026,2,253,852747
336,Ventura,County,1493,47533,12,392,8073,715273,1684,54308,1371,43397,1,254,852747
337,Ventura,County,1151,48684,14,406,6671,721944,1295,55603,351,43748,0,254,852747
338,Ventura,County,1824,50508,12,418,12845,734789,2145,57748,1266,45014,1,255,852747
339,Ventura,County,1501,52009,20,438,12826,747615,1831,59579,1442,46456,9,264,852747
340,Ventura,County,1247,53256,12,450,11250,758865,1505,61084,972,47428,16,280,852747
341,Ventura,County,1244,54500,21,471,11593,770458,1551,62635,1655,49083,8,288,852747
342,Ventura,County,1160,55660,19,490,10885,781343,1510,64145,1470,50553,6,294,852747
343,Ventura,County,864,56524,20,510,6178,787521,990,65135,1435,51988,12,306,852747
344,Ventura,County,827,57351,12,522,6418,793939,1011,66146,1107,53095,13,319,852747
345,Ventura,County,1267,58618,9,531,13483,807422,1595,67741,1107,54202,1,320,852747
346,Ventura,County,1135,59753,16,547,11635,819057,1510,69251,1140,55342,4,324,852747
347,Ventura,County,972,60725,7,554,11763,830820,1187,70438,1111,56453,14,338,852747
348,Ventura,County,1013,61738,19,573,11935,842755,1355,71793,1488,57941,9,347,852747
349,Ventura,County,872,62610,14,587,9563,852318,1151,72944,1120,59061,6,353,852747
350,Ventura,County,744,63354,12,599,5653,857971,894,73838,1307,60368,16,369,852747
351,Ventura,County,552,63906,19,618,5180,863151,663,74501,889,61257,7,376,852747
352,Ventura,County,843,64749,10,628,9677,872828,1124,75625,602,61859,3,379,852747
353,Ventura,County,429,65178,7,635,5847,878675,377,76002,797,62656,4,383,852747
354,Ventura,County,677,65855,18,653,7823,886498,729,76731,757,63413,12,395,852747
355,Ventura,County,956,66811,5,658,13307,899805,1417,78148,582,63995,25,420,852747
356,Ventura,County,692,67503,13,671,9096,908901,998,79146,409,64404,6,426,852747
357,Ventura,County,506,68009,7,678,4252,913153,632,79778,1177,65581,12,438,852747
358,Ventura,County,446,68455,4,682,4334,917487,562,80340,766,66347,1,439,852747
359,Ventura,County,716,69171,10,692,8902,926389,852,81192,563,66910,0,439,852747
360,Ventura,County,643,69814,12,704,8889,935278,909,82101,616,67526,9,448,852747
361,Ventura,County,531,70345,13,717,8192,943470,768,82869,765,68291,20,468,852747
362,Ventura,County,473,70818,10,727,5884,949354,573,83442,605,68896,7,475,852747
363,Ventura,County,510,71328,8,735,7845,957199,788,84230,615,69511,9,484,852747
364,Ventura,County,424,71752,11,746,4717,961916,618,84848,420,69931,9,493,852747
365,Ventura,County,311,72063,10,756,3266,965182,362,85210,704,70635,9,502,852747
366,Ventura,County,595,72658,11,767,9965,975147,789,85999,469,71104,0,502,852747
367,Ventura,County,407,73065,11,778,7785,982932,566,86565,453,71557,12,514,852747
368,Ventura,County,418,73483,5,783,8150,991082,645,87210,567,72124,12,526,852747
369,Ventura,County,336,73819,9,792,7334,998416,488,87698,471,72595,11,537,852747
370,Ventura,County,332,74151,5,797,6728,1005144,502,88200,358,72953,9,546,852747
371,Ventura,County,245,74396,9,806,3631,1008775,338,88538,478,73431,6,552,852747
372,Ventura,County,180,74576,7,813,2905,1011680,236,88774,328,73759,9,561,852747
373,Ventura,County,308,74884,10,823,8728,1020408,461,89235,309,74068,4,565,852747
374,Ventura,County,257,75141,11,834,7208,1027616,354,89589,265,74333,2,567,852747
375,Ventura,County,250,75391,8,842,6715,1034331,360,89949,318,74651,13,580,852747
376,Ventura,County,226,75617,8,850,6979,1041310,362,90311,308,74959,10,590,852747
377,Ventura,County,201,75818,12,862,5464,1046774,305,90616,251,75210,15,605,852747
378,Ventura,County,167,75985,6,868,2870,1049644,236,90852,271,75481,13,618,852747
379,Ventura,County,137,76122,4,872,2066,1051710,162,91014,261,75742,11,629,852747
380,Ventura,County,175,76297,5,877,5966,1057676,290,91304,147,75889,0,629,852747
381,Ventura,County,156,76453,9,886,6705,1064381,235,91539,154,76043,2,631,852747
382,Ventura,County,145,76598,5,891,6193,1070574,257,91796,191,76234,15,646,852747
383,Ventura,County,125,76723,6,897,6373,1076947,219,92015,208,76442,13,659,852747
384,Ventura,County,131,76854,11,908,4795,1081742,169,92184,140,76582,8,667,852747
385,Ventura,County,80,76934,8,916,2621,1084363,140,92324,175,76757,4,671,852747
386,Ventura,County,96,77030,8,924,1933,1086296,116,92440,105,76862,6,677,852747
387,Ventura,County,148,77178,7,931,7088,1093384,196,92636,85,76947,0,677,852747
388,Ventura,County,127,77305,3,934,6656,1100040,200,92836,146,77093,12,689,852747
389,Ventura,County,116,77421,0,934,5725,1105765,168,93004,145,77238,29,718,852747
390,Ventura,County,107,77528,5,939,4436,1110201,139,93143,157,77395,33,751,852747
391,Ventura,County,105,77633,6,945,5022,1115223,179,93322,139,77534,14,765,852747
392,Ventura,County,100,77733,0,945,2171,1117394,147,93469,89,77623,6,771,852747
393,Ventura,County,72,77805,6,951,1480,1118874,109,93578,126,77749,4,775,852747
394,Ventura,County,111,77916,1,952,7093,1125967,160,93738,100,77849,0,775,852747
395,Ventura,County,82,77998,1,953,5382,1131349,134,93872,103,77952,5,780,852747
396,Ventura,County,91,78089,3,956,5451,1136800,131,94003,105,78057,42,822,852747
397,Ventura,County,83,78172,2,958,5515,1142315,112,94115,127,78184,9,831,852747
398,Ventura,County,87,78259,4,962,4254,1146569,131,94246,184,78368,8,839,852747
399,Ventura,County,67,78326,2,964,2233,1148802,93,94339,71,78439,9,848,852747
400,Ventura,County,55,78381,2,966,1724,1150526,81,94420,48,78487,3,851,852747
401,Ventura,County,98,78479,3,969,6717,1157243,138,94558,39,78526,1,852,852747
402,Ventura,County,71,78550,0,969,5669,1162912,122,94680,0,78526,11,863,852747
403,Ventura,County,70,78620,2,971,5478,1168390,109,94789,83,78609,15,878,852747
404,Ventura,County,77,78697,1,972,5155,1173545,111,94900,88,78697,11,889,852747
405,Ventura,County,50,78747,2,974,4156,1177701,66,94966,1,78698,10,899,852747
406,Ventura,County,43,78790,2,976,2369,1180070,51,95017,-5,78693,7,906,852747
407,Ventura,County,49,78839,3,979,1959,1182029,50,95067,-82,78611,4,910,852747
408,Ventura,County,53,78892,3,982,6861,1188890,92,95159,15,78626,0,910,852747
409,Ventura,County,54,78946,1,983,5521,1194411,89,95248,45,78671,6,916,852747
410,Ventura,County,67,79013,3,986,5610,1200021,104,95352,-23,78648,0,916,852747
411,Ventura,County,55,79068,5,991,5078,1205099,96,95448,49,78697,2,918,852747
412,Ventura,County,56,79124,1,992,4606,1209705,82,95530,56,78753,2,920,852747
413,Ventura,County,38,79162,3,995,1731,1211436,46,95576,65,78818,2,922,852747
414,Ventura,County,37,79199,2,997,1428,1212864,38,95614,45,78863,5,927,852747
415,Ventura,County,64,79263,2,999,6426,1219290,88,95702,27,78890,0,927,852747
416,Ventura,County,48,79311,2,1001,5473,1224763,67,95769,40,78930,5,932,852747
417,Ventura,County,61,79372,1,1002,5400,1230163,90,95859,63,78993,12,944,852747
418,Ventura,County,52,79424,2,1004,4791,1234954,68,95927,52,79045,8,952,852747
419,Ventura,County,40,79464,0,1004,4154,1239108,61,95988,77,79122,1,953,852747
420,Ventura,County,33,79497,2,1006,1632,1240740,38,96026,62,79184,3,956,852747
421,Ventura,County,27,79524,0,1006,1401,1242141,29,96055,38,79222,0,956,852747
422,Ventura,County,52,79576,0,1006,6797,1248938,72,96127,30,79252,0,956,852747
423,Ventura,County,41,79617,1,1007,5575,1254513,77,96204,30,79282,2,958,852747
424,Ventura,County,44,79661,0,1007,5030,1259543,63,96267,44,79326,11,969,852747
425,Ventura,County,32,79693,0,1007,4803,1264346,54,96321,43,79369,8,977,852747
243,Yolo,County,13,2904,0,57,677,64630,25,3265,11,2833,0,55,223612
244,Yolo,County,18,2922,0,57,590,65220,18,3283,12,2845,0,55,223612
245,Yolo,County,5,2927,0,57,257,65477,8,3291,18,2863,1,56,223612
246,Yolo,County,7,2934,1,58,192,65669,4,3295,12,2875,0,56,223612
247,Yolo,County,11,2945,0,58,803,66472,15,3310,14,2889,0,56,223612
248,Yolo,County,19,2964,0,58,712,67184,17,3327,10,2899,0,56,223612
249,Yolo,County,14,2978,0,58,828,68012,21,3348,5,2904,-1,55,223612
250,Yolo,County,26,3004,0,58,657,68669,17,3365,10,2914,0,55,223612
251,Yolo,County,17,3021,0,58,609,69278,25,3390,14,2928,0,55,223612
252,Yolo,County,7,3028,0,58,285,69563,8,3398,11,2939,0,55,223612
253,Yolo,County,9,3037,0,58,249,69812,6,3404,13,2952,0,55,223612
254,Yolo,County,30,3067,0,58,1130,70942,19,3423,12,2964,0,55,223612
255,Yolo,County,15,3082,0,58,756,71698,8,3431,19,2983,0,55,223612
256,Yolo,County,8,3090,0,58,663,72361,11,3442,24,3007,0,55,223612
257,Yolo,County,18,3108,0,58,733,73094,13,3455,7,3014,0,55,223612
258,Yolo,County,20,3128,1,59,677,73771,27,3482,16,3030,0,55,223612
259,Yolo,County,9,3137,0,59,231,74002,8,3490,15,3045,0,55,223612
260,Yolo,County,15,3152,1,60,349,74351,3,3493,14,3059,0,55,223612
261,Yolo,County,39,3191,0,60,1008,75359,24,3517,10,3069,1,56,223612
262,Yolo,County,13,3204,0,60,731,76090,17,3534,14,3083,0,56,223612
263,Yolo,County,23,3227,1,61,635,76725,26,3560,12,3095,2,58,223612
264,Yolo,County,19,3246,0,61,621,77346,22,3582,21,3116,0,58,223612
265,Yolo,County,12,3258,0,61,611,77957,16,3598,24,3140,-1,57,223612
266,Yolo,County,13,3271,1,62,242,78199,7,3605,24,3164,0,57,223612
267,Yolo,County,11,3282,1,63,266,78465,5,3610,26,3190,1,58,223612
268,Yolo,County,21,3303,0,63,1041,79506,22,3632,16,3206,0,58,223612
269,Yolo,County,20,3323,0,63,725,80231,20,3652,10,3216,0,58,223612
270,Yolo,County,14,3337,0,63,558,80789,13,3665,14,3230,2,60,223612
271,Yolo,County,24,3361,1,64,603,81392,25,3690,16,3246,0,60,223612
272,Yolo,County,29,3390,0,64,506,81898,22,3712,17,3263,0,60,223612
273,Yolo,County,17,3407,1,65,292,82190,21,3733,27,3290,0,60,223612
274,Yolo,County,35,3442,0,65,298,82488,15,3748,13,3303,0,60,223612
275,Yolo,County,49,3491,3,68,1096,83584,46,3794,15,3318,1,61,223612
276,Yolo,County,49,3540,1,69,661,84245,36,3830,25,3343,0,61,223612
277,Yolo,County,51,3591,0,69,728,84973,37,3867,18,3361,1,62,223612
278,Yolo,County,41,3632,0,69,626,85599,40,3907,30,3391,-1,61,223612
279,Yolo,County,50,3682,3,72,793,86392,57,3964,29,3420,1,62,223612
280,Yolo,County,29,3711,1,73,329,86721,27,3991,66,3486,-1,61,223612
281,Yolo,County,31,3742,1,74,295,87016,23,4014,6,3492,0,61,223612
282,Yolo,County,63,3805,0,74,1228,88244,71,4085,30,3522,1,62,223612
283,Yolo,County,60,3865,0,74,867,89111,60,4145,51,3573,1,63,223612
284,Yolo,County,62,3927,1,75,640,89751,58,4203,33,3606,0,63,223612
285,Yolo,County,51,3978,0,75,723,90474,40,4243,40,3646,0,63,223612
286,Yolo,County,44,4022,1,76,865,91339,65,4308,70,3716,2,65,223612
287,Yolo,County,51,4073,0,76,424,91763,50,4358,49,3765,0,65,223612
288,Yolo,County,42,4115,1,77,387,92150,44,4402,54,3819,2,67,223612
289,Yolo,County,103,4218,0,77,1432,93582,90,4492,39,3858,3,70,223612
290,Yolo,County,97,4315,2,79,970,94552,90,4582,29,3887,0,70,223612
291,Yolo,County,177,4492,1,80,1084,95636,161,4743,42,3929,1,71,223612
292,Yolo,County,74,4566,1,81,851,96487,67,4810,44,3973,1,72,223612
293,Yolo,County,95,4661,0,81,1052,97539,108,4918,108,4081,2,74,223612
294,Yolo,County,78,4739,0,81,483,98022,62,4980,66,4147,1,75,223612
295,Yolo,County,76,4815,2,83,620,98642,66,5046,59,4206,0,75,223612
296,Yolo,County,100,4915,0,83,1647,100289,120,5166,59,4265,0,75,223612
297,Yolo,County,80,4995,1,84,789,101078,79,5245,155,4420,1,76,223612
298,Yolo,County,84,5079,3,87,946,102024,103,5348,107,4527,0,76,223612
299,Yolo,County,36,5115,1,88,170,102194,19,5367,39,4566,0,76,223612
300,Yolo,County,87,5202,0,88,619,102813,80,5447,171,4737,3,79,223612
301,Yolo,County,49,5251,1,89,438,103251,63,5510,2,4739,1,80,223612
302,Yolo,County,74,5325,1,90,489,103740,73,5583,91,4830,0,80,223612
303,Yolo,County,138,5463,2,92,1393,105133,143,5726,64,4894,1,81,223612
304,Yolo,County,112,5575,3,95,1144,106277,114,5840,34,4928,5,86,223612
305,Yolo,County,140,5715,2,97,1080,107357,141,5981,125,5053,1,87,223612
306,Yolo,County,111,5826,1,98,1030,108387,94,6075,16,5069,0,87,223612
307,Yolo,County,138,5964,1,99,1191,109578,132,6207,225,5294,0,87,223612
308,Yolo,County,74,6038,2,101,678,110256,80,6287,57,5351,3,90,223612
309,Yolo,County,78,6116,2,103,482,110738,63,6350,114,5465,0,90,223612
310,Yolo,County,160,6276,2,105,1736,112474,153,6503,72,5537,0,90,223612
311,Yolo,County,162,6438,3,108,1136,113610,143,6646,23,5560,0,90,223612
312,Yolo,County,131,6569,1,109,1084,114694,134,6780,200,5760,5,95,223612
313,Yolo,County,127,6696,1,110,971,115665,132,6912,136,5896,0,95,223612
314,Yolo,County,120,6816,1,111,733,116398,116,7028,110,6006,0,95,223612
315,Yolo,County,106,6922,3,114,490,116888,80,7108,110,6116,0,95,223612
316,Yolo,County,82,7004,1,115,475,117363,66,7174,149,6265,0,95,223612
317,Yolo,County,182,7186,4,119,1472,118835,164,7338,124,6389,0,95,223612
318,Yolo,County,161,7347,3,122,1253,120088,171,7509,142,6531,9,104,223612
319,Yolo,County,123,7470,4,126,959,121047,137,7646,118,6649,-1,103,223612
320,Yolo,County,129,7599,1,127,1326,122373,124,7770,151,6800,2,105,223612
321,Yolo,County,124,7723,1,128,747,123120,125,7895,101,6901,4,109,223612
322,Yolo,County,68,7791,2,130,490,123610,68,7963,124,7025,0,109,223612
323,Yolo,County,69,7860,2,132,914,124524,59,8022,96,7121,0,109,223612
324,Yolo,County,154,8014,0,132,1561,126085,147,8169,145,7266,0,109,223612
325,Yolo,County,147,8161,0,132,1066,127151,136,8305,122,7388,4,113,223612
326,Yolo,County,113,8274,0,132,1028,128179,122,8427,120,7508,-1,112,223612
327,Yolo,County,78,8352,2,134,474,128653,66,8493,58,7566,1,113,223612
328,Yolo,County,41,8393,0,134,124,128777,22,8515,134,7700,-2,111,223612
329,Yolo,County,97,8490,0,134,1278,130055,90,8605,85,7785,0,111,223612
330,Yolo,County,102,8592,3,137,441,130496,68,8673,134,7919,0,111,223612
331,Yolo,County,191,8783,0,137,1555,132051,184,8857,112,8031,0,111,223612
332,Yolo,County,155,8938,0,137,1081,133132,148,9005,93,8124,0,111,223612
333,Yolo,County,129,9067,0,137,1118,134250,127,9132,-57,8067,6,117,223612
334,Yolo,County,107,9174,2,139,816,135066,135,9267,228,8295,0,117,223612
335,Yolo,County,84,9258,1,140,268,135334,74,9341,166,8461,3,120,223612
336,Yolo,County,112,9370,2,142,2045,137379,102,9443,110,8571,2,122,223612
337,Yolo,County,94,9464,0,142,1672,139051,78,9521,103,8674,-1,121,223612
338,Yolo,County,160,9624,3,145,3169,142220,155,9676,160,8834,0,121,223612
339,Yolo,County,196,9820,3,148,2971,145191,213,9889,146,8980,6,127,223612
340,Yolo,County,174,9994,1,149,2566,147757,163,10052,103,9083,0,127,223612
341,Yolo,County,161,10155,1,150,1690,149447,137,10189,124,9207,1,128,223612
342,Yolo,County,138,10293,0,150,995,150442,114,10303,184,9391,1,129,223612
343,Yolo,County,88,10381,2,152,1305,151747,86,10389,133,9524,0,129,223612
344,Yolo,County,71,10452,1,153,1289,153036,46,10435,86,9610,0,129,223612
345,Yolo,County,148,10600,5,158,3310,156346,141,10576,89,9699,0,129,223612
346,Yolo,County,214,10814,1,159,3124,159470,170,10746,158,9857,4,133,223612
347,Yolo,County,136,10950,2,161,2827,162297,136,10882,76,9933,2,135,223612
348,Yolo,County,101,11051,1,162,1996,164293,109,10991,164,10097,0,135,223612
349,Yolo,County,111,11162,1,163,1958,166251,93,11084,143,10240,-1,134,223612
350,Yolo,County,58,11220,3,166,1082,167333,54,11138,166,10406,0,134,223612
351,Yolo,County,49,11269,0,166,680,168013,43,11181,113,10519,0,134,223612
352,Yolo,County,101,11370,1,167,2129,170142,76,11257,101,10620,0,134,223612
353,Yolo,County,133,11503,0,167,2926,173068,119,11376,169,10789,0,134,223612
354,Yolo,County,83,11586,1,168,3030,176098,75,11451,63,10852,7,141,223612
355,Yolo,County,71,11657,3,171,2182,178280,91,11542,88,10940,0,141,223612
356,Yolo,County,91,11748,2,173,2019,180299,85,11627,74,11014,0,141,223612
357,Yolo,County,34,11782,1,174,1091,181390,33,11660,73,11087,0,141,223612
358,Yolo,County,42,11824,3,177,1225,182615,46,11706,123,11210,-1,140,223612
359,Yolo,County,85,11909,5,182,2545,185160,70,11776,66,11276,0,140,223612
360,Yolo,County,87,11996,2,184,2529,187689,86,11862,85,11361,8,148,223612
361,Yolo,County,45,12041,1,185,2368,190057,31,11893,66,11427,3,151,223612
362,Yolo,County,47,12088,0,185,2061,192118,59,11952,73,11500,0,151,223612
363,Yolo,County,42,12130,1,186,1952,194070,47,11999,112,11612,0,151,223612
364,Yolo,County,37,12167,0,186,885,194955,30,12029,86,11698,0,151,223612
365,Yolo,County,13,12180,3,189,1166,196121,20,12049,73,11771,0,151,223612
366,Yolo,County,61,12241,0,189,2581,198702,54,12103,53,11824,0,151,223612
367,Yolo,County,44,12285,2,191,2418,201120,53,12156,62,11886,7,158,223612
368,Yolo,County,47,12332,2,193,2862,203982,54,12210,47,11933,3,161,223612
369,Yolo,County,24,12356,1,194,1960,205942,22,12232,49,11982,0,161,223612
370,Yolo,County,34,12390,0,194,2148,208090,53,12285,43,12025,1,162,223612
371,Yolo,County,19,12409,1,195,1020,209110,17,12302,36,12061,-1,161,223612
372,Yolo,County,23,12432,0,195,1060,210170,26,12328,74,12135,1,162,223612
373,Yolo,County,45,12477,0,195,2873,213043,51,12379,34,12169,0,162,223612
374,Yolo,County,32,12509,0,195,2616,215659,33,12412,51,12220,12,174,223612
375,Yolo,County,43,12552,0,195,2766,218425,41,12453,56,12276,0,174,223612
376,Yolo,County,26,12578,1,196,2010,220435,33,12486,27,12303,-1,173,223612
377,Yolo,County,23,12601,0,196,1907,222342,32,12518,37,12340,2,175,223612
378,Yolo,County,20,12621,0,196,926,223268,18,12536,34,12374,0,175,223612
379,Yolo,County,12,12633,0,196,846,224114,12,12548,25,12399,0,175,223612
380,Yolo,County,29,12662,0,196,1401,225515,20,12568,13,12412,0,175,223612
381,Yolo,County,36,12698,1,197,2758,228273,43,12611,45,12457,0,175,223612
382,Yolo,County,31,12729,1,198,2895,231168,36,12647,49,12506,7,182,223612
383,Yolo,County,17,12746,0,198,1999,233167,13,12660,43,12549,1,183,223612
384,Yolo,County,27,12773,0,198,2170,235337,28,12688,57,12606,0,183,223612
385,Yolo,County,16,12789,0,198,817,236154,10,12698,33,12639,0,183,223612
386,Yolo,County,14,12803,0,198,1016,237170,11,12709,31,12670,0,183,223612
387,Yolo,County,31,12834,0,198,2601,239771,30,12739,19,12689,0,183,223612
388,Yolo,County,26,12860,0,198,2243,242014,27,12766,40,12729,5,188,223612
389,Yolo,County,29,12889,0,198,2388,244402,30,12796,31,12760,0,188,223612
390,Yolo,County,13,12902,0,198,1863,246265,19,12815,27,12787,0,188,223612
391,Yolo,County,17,12919,0,198,1927,248192,23,12838,29,12816,0,188,223612
392,Yolo,County,7,12926,0,198,949,249141,6,12844,18,12834,0,188,223612
393,Yolo,County,12,12938,0,198,1078,250219,3,12847,17,12851,0,188,223612
394,Yolo,County,22,12960,0,198,3488,253707,26,12873,3,12854,0,188,223612
395,Yolo,County,17,12977,0,198,3644,257351,28,12901,13,12867,1,189,223612
396,Yolo,County,17,12994,0,198,3990,261341,27,12928,23,12890,0,189,223612
397,Yolo,County,13,13007,0,198,3165,264506,20,12948,5,12895,0,189,223612
398,Yolo,County,20,13027,2,200,3604,268110,34,12982,25,12920,-1,188,223612
399,Yolo,County,12,13039,0,200,1374,269484,11,12993,31,12951,1,189,223612
400,Yolo,County,6,13045,1,201,1538,271022,12,13005,37,12988,0,189,223612
401,Yolo,County,19,13064,0,201,4048,275070,13,13018,12,13000,0,189,223612
402,Yolo,County,23,13087,0,201,3276,278346,25,13043,15,13015,0,189,223612
403,Yolo,County,11,13098,0,201,3693,282039,11,13054,6,13021,0,189,223612
404,Yolo,County,23,13121,0,201,3132,285171,22,13076,20,13041,1,190,223612
405,Yolo,County,18,13139,0,201,3155,288326,21,13097,20,13061,-1,189,223612
406,Yolo,County,10,13149,1,202,1461,289787,9,13106,26,13087,0,189,223612
407,Yolo,County,8,13157,0,202,1403,291190,4,13110,41,13128,0,189,223612
408,Yolo,County,22,13179,0,202,3933,295123,18,13128,3,13131,1,190,223612
409,Yolo,County,19,13198,2,204,3265,298388,27,13155,31,13162,0,190,223612
410,Yolo,County,15,13213,0,204,3557,301945,25,13180,7,13169,0,190,223612
411,Yolo,County,15,13228,0,204,3077,305022,22,13202,14,13183,1,191,223612
412,Yolo,County,13,13241,0,204,3063,308085,13,13215,14,13197,-2,189,223612
413,Yolo,County,8,13249,1,205,1519,309604,5,13220,29,13226,1,190,223612
414,Yolo,County,4,13253,1,206,1296,310900,5,13225,9,13235,0,190,223612
415,Yolo,County,21,13274,0,206,3711,314611,23,13248,8,13243,0,190,223612
416,Yolo,County,12,13286,0,206,2327,316938,20,13268,12,13255,4,194,223612
417,Yolo,County,11,13297,0,206,2955,319893,21,13289,14,13269,0,194,223612
418,Yolo,County,11,13308,0,206,2530,322423,14,13303,18,13287,0,194,223612
419,Yolo,County,7,13315,0,206,2158,324581,12,13315,12,13299,0,194,223612
420,Yolo,County,8,13323,0,206,1409,325990,8,13323,18,13317,0,194,223612
421,Yolo,County,5,13328,0,206,1582,327572,2,13325,8,13325,0,194,223612
422,Yolo,County,18,13346,0,206,3899,331471,18,13343,21,13346,1,195,223612
423,Yolo,County,18,13364,0,206,3349,334820,21,13364,7,13353,0,195,223612
424,Yolo,County,13,13377,1,207,3817,338637,22,13386,6,13359,2,197,223612
425,Yolo,County,18,13395,0,207,2740,341377,16,13402,-17,13342,0,197,223612
243,Yuba,County,3,1114,0,8,169,18685,7,1336,7,1082,0,8,79290
244,Yuba,County,4,1118,0,8,175,18860,8,1344,8,1090,0,8,79290
245,Yuba,County,2,1120,1,9,67,18927,2,1346,7,1097,0,8,79290
246,Yuba,County,8,1128,0,9,83,19010,8,1354,6,1103,1,9,79290
247,Yuba,County,4,1132,0,9,189,19199,5,1359,5,1108,0,9,79290
248,Yuba,County,13,1145,0,9,281,19480,8,1367,6,1114,1,10,79290
249,Yuba,County,1,1146,0,9,229,19709,5,1372,6,1120,0,10,79290
250,Yuba,County,6,1152,0,9,153,19862,1,1373,6,1126,0,10,79290
251,Yuba,County,5,1157,0,9,181,20043,8,1381,3,1129,0,10,79290
252,Yuba,County,1,1158,0,9,102,20145,1,1382,5,1134,0,10,79290
253,Yuba,County,2,1160,0,9,53,20198,2,1384,3,1137,0,10,79290
254,Yuba,County,12,1172,0,9,196,20394,12,1396,4,1141,0,10,79290
255,Yuba,County,11,1183,0,9,281,20675,9,1405,2,1143,0,10,79290
256,Yuba,County,5,1188,0,9,199,20874,1,1406,4,1147,0,10,79290
257,Yuba,County,8,1196,0,9,174,21048,11,1417,4,1151,0,10,79290
258,Yuba,County,7,1203,0,9,162,21210,10,1427,4,1155,0,10,79290
259,Yuba,County,0,1203,0,9,123,21333,5,1432,9,1164,0,10,79290
260,Yuba,County,5,1208,0,9,63,21396,2,1434,12,1176,0,10,79290
261,Yuba,County,11,1219,0,9,177,21573,7,1441,7,1183,0,10,79290
262,Yuba,County,7,1226,0,9,243,21816,7,1448,8,1191,0,10,79290
263,Yuba,County,10,1236,0,9,196,22012,8,1456,3,1194,0,10,79290
264,Yuba,County,9,1245,0,9,184,22196,10,1466,5,1199,0,10,79290
265,Yuba,County,7,1252,0,9,172,22368,8,1474,7,1206,0,10,79290
266,Yuba,County,4,1256,0,9,116,22484,7,1481,4,1210,0,10,79290
267,Yuba,County,3,1259,0,9,74,22558,3,1484,9,1219,0,10,79290
268,Yuba,County,8,1267,0,9,192,22750,11,1495,7,1226,0,10,79290
269,Yuba,County,16,1283,0,9,296,23046,10,1505,9,1235,0,10,79290
270,Yuba,County,13,1296,0,9,211,23257,9,1514,10,1245,0,10,79290
271,Yuba,County,12,1308,0,9,188,23445,13,1527,3,1248,0,10,79290
272,Yuba,County,11,1319,0,9,209,23654,11,1538,8,1256,0,10,79290
273,Yuba,County,8,1327,0,9,77,23731,5,1543,4,1260,0,10,79290
274,Yuba,County,16,1343,0,9,96,23827,14,1557,13,1273,0,10,79290
275,Yuba,County,17,1360,0,9,217,24044,17,1574,7,1280,0,10,79290
276,Yuba,County,13,1373,0,9,355,24399,18,1592,15,1295,0,10,79290
277,Yuba,County,13,1386,0,9,204,24603,15,1607,17,1312,0,10,79290
278,Yuba,County,21,1407,0,9,201,24804,24,1631,10,1322,0,10,79290
279,Yuba,County,18,1425,0,9,207,25011,12,1643,13,1335,0,10,79290
280,Yuba,County,13,1438,0,9,139,25150,17,1660,14,1349,0,10,79290
281,Yuba,County,15,1453,0,9,113,25263,12,1672,20,1369,0,10,79290
282,Yuba,County,21,1474,0,9,276,25539,15,1687,11,1380,0,10,79290
283,Yuba,County,33,1507,0,9,435,25974,30,1717,12,1392,0,10,79290
284,Yuba,County,23,1530,0,9,202,26176,15,1732,8,1400,0,10,79290
285,Yuba,County,15,1545,0,9,218,26394,18,1750,10,1410,0,10,79290
286,Yuba,County,35,1580,0,9,206,26600,18,1768,25,1435,0,10,79290
287,Yuba,County,27,1607,0,9,146,26746,17,1785,18,1453,0,10,79290
288,Yuba,County,29,1636,0,9,90,26836,18,1803,17,1470,0,10,79290
289,Yuba,County,41,1677,0,9,313,27149,40,1843,30,1500,0,10,79290
290,Yuba,County,36,1713,0,9,357,27506,49,1892,19,1519,0,10,79290
291,Yuba,County,48,1761,0,9,338,27844,50,1942,21,1540,0,10,79290
292,Yuba,County,54,1815,0,9,365,28209,59,2001,28,1568,0,10,79290
293,Yuba,County,40,1855,0,9,348,28557,62,2063,43,1611,0,10,79290
294,Yuba,County,28,1883,0,9,186,28743,21,2084,32,1643,0,10,79290
295,Yuba,County,32,1915,0,9,175,28918,33,2117,29,1672,0,10,79290
296,Yuba,County,53,1968,0,9,345,29263,66,2183,30,1702,0,10,79290
297,Yuba,County,67,2035,0,9,509,29772,74,2257,102,1804,0,10,79290
298,Yuba,County,51,2086,0,9,335,30107,52,2309,36,1840,0,10,79290
299,Yuba,County,26,2112,0,9,96,30203,13,2322,25,1865,0,10,79290
300,Yuba,County,58,2170,0,9,278,30481,61,2383,-1,1864,0,10,79290
301,Yuba,County,29,2199,0,9,208,30689,24,2407,48,1912,0,10,79290
302,Yuba,County,53,2252,0,9,177,30866,47,2454,47,1959,0,10,79290
303,Yuba,County,56,2308,0,9,362,31228,64,2518,69,2028,0,10,79290
304,Yuba,County,61,2369,0,9,407,31635,62,2580,60,2088,0,10,79290
305,Yuba,County,66,2435,0,9,412,32047,72,2652,31,2119,0,10,79290
306,Yuba,County,77,2512,0,9,485,32532,102,2754,63,2182,0,10,79290
307,Yuba,County,69,2581,0,9,379,32911,74,2828,43,2225,0,10,79290
308,Yuba,County,43,2624,0,9,193,33104,38,2866,50,2275,0,10,79290
309,Yuba,County,36,2660,0,9,193,33297,42,2908,65,2340,0,10,79290
310,Yuba,County,44,2704,0,9,477,33774,58,2966,88,2428,0,10,79290
311,Yuba,County,69,2773,0,9,506,34280,83,3049,49,2477,0,10,79290
312,Yuba,County,76,2849,0,9,418,34698,90,3139,36,2513,0,10,79290
313,Yuba,County,68,2917,1,10,441,35139,73,3212,91,2604,0,10,79290
314,Yuba,County,64,2981,1,11,359,35498,80,3292,45,2649,0,10,79290
315,Yuba,County,61,3042,0,11,207,35705,52,3344,43,2692,0,10,79290
316,Yuba,County,27,3069,1,12,151,35856,37,3381,62,2754,1,11,79290
317,Yuba,County,65,3134,1,13,408,36264,62,3443,97,2851,0,11,79290
318,Yuba,County,62,3196,0,13,389,36653,83,3526,40,2891,0,11,79290
319,Yuba,County,94,3290,0,13,420,37073,117,3643,89,2980,0,11,79290
320,Yuba,County,86,3376,1,14,446,37519,91,3734,55,3035,1,12,79290
321,Yuba,County,59,3435,0,14,408,37927,72,3806,62,3097,-1,11,79290
322,Yuba,County,58,3493,1,15,243,38170,60,3866,71,3168,0,11,79290
323,Yuba,County,32,3525,1,16,158,38328,38,3904,86,3254,1,12,79290
324,Yuba,County,48,3573,0,16,395,38723,58,3962,75,3329,2,14,79290
325,Yuba,County,59,3632,1,17,413,39136,76,4038,50,3379,0,14,79290
326,Yuba,County,50,3682,0,17,302,39438,65,4103,59,3438,0,14,79290
327,Yuba,County,51,3733,1,18,417,39855,63,4166,45,3483,2,16,79290
328,Yuba,County,25,3758,0,18,140,39995,21,4187,66,3549,1,17,79290
329,Yuba,County,35,3793,0,18,152,40147,37,4224,50,3599,1,18,79290
330,Yuba,County,27,3820,0,18,116,40263,14,4238,66,3665,0,18,79290
331,Yuba,County,62,3882,0,18,362,40625,47,4285,14,3679,0,18,79290
332,Yuba,County,62,3944,0,18,448,41073,89,4374,44,3723,0,18,79290
333,Yuba,County,80,4024,1,19,496,41569,98,4472,-111,3612,0,18,79290
334,Yuba,County,68,4092,0,19,500,42069,64,4536,187,3799,0,18,79290
335,Yuba,County,39,4131,1,20,95,42164,22,4558,46,3845,1,19,79290
336,Yuba,County,59,4190,1,21,255,42419,73,4631,85,3930,2,21,79290
337,Yuba,County,38,4228,1,22,183,42602,27,4658,36,3966,-1,20,79290
338,Yuba,County,54,4282,2,24,434,43036,60,4718,57,4023,1,21,79290
339,Yuba,County,59,4341,1,25,444,43480,98,4816,30,4053,0,21,79290
340,Yuba,County,58,4399,0,25,436,43916,72,4888,44,4097,4,25,79290
341,Yuba,County,47,4446,1,26,410,44326,73,4961,31,4128,0,25,79290
342,Yuba,County,42,4488,0,26,294,44620,47,5008,67,4195,1,26,79290
343,Yuba,County,42,4530,1,27,200,44820,44,5052,70,4265,1,27,79290
344,Yuba,County,28,4558,1,28,130,44950,26,5078,35,4300,0,27,79290
345,Yuba,County,52,4610,1,29,456,45406,59,5137,49,4349,0,27,79290
346,Yuba,County,38,4648,0,29,382,45788,75,5212,40,4389,0,27,79290
347,Yuba,County,40,4688,0,29,381,46169,58,5270,59,4448,0,27,79290
348,Yuba,County,42,4730,0,29,441,46610,62,5332,48,4496,0,27,79290
349,Yuba,County,32,4762,1,30,333,46943,42,5374,53,4549,0,27,79290
350,Yuba,County,21,4783,0,30,160,47103,26,5400,53,4602,0,27,79290
351,Yuba,County,31,4814,0,30,124,47227,28,5428,38,4640,1,28,79290
352,Yuba,County,51,4865,0,30,366,47593,50,5478,31,4671,1,29,79290
353,Yuba,County,28,4893,0,30,329,47922,45,5523,24,4695,0,29,79290
354,Yuba,County,34,4927,2,32,350,48272,32,5555,34,4729,0,29,79290
355,Yuba,County,27,4954,1,33,350,48622,44,5599,28,4757,0,29,79290
356,Yuba,County,32,4986,0,33,251,48873,20,5619,32,4789,0,29,79290
357,Yuba,County,24,5010,0,33,142,49015,24,5643,42,4831,1,30,79290
358,Yuba,County,11,5021,0,33,96,49111,13,5656,44,4875,1,31,79290
359,Yuba,County,40,5061,1,34,353,49464,38,5694,25,4900,0,31,79290
360,Yuba,County,24,5085,0,34,334,49798,45,5739,44,4944,0,31,79290
361,Yuba,County,25,5110,0,34,262,50060,25,5764,24,4968,1,32,79290
362,Yuba,County,16,5126,0,34,323,50383,22,5786,26,4994,0,32,79290
363,Yuba,County,16,5142,1,35,243,50626,20,5806,24,5018,0,32,79290
364,Yuba,County,16,5158,1,36,133,50759,17,5823,24,5042,1,33,79290
365,Yuba,County,10,5168,0,36,102,50861,10,5833,29,5071,0,33,79290
366,Yuba,County,20,5188,0,36,342,51203,25,5858,13,5084,0,33,79290
367,Yuba,County,13,5201,0,36,304,51507,20,5878,27,5111,1,34,79290
368,Yuba,County,18,5219,0,36,272,51779,19,5897,13,5124,0,34,79290
369,Yuba,County,18,5237,0,36,313,52092,25,5922,11,5135,0,34,79290
370,Yuba,County,26,5263,0,36,241,52333,25,5947,10,5145,1,35,79290
371,Yuba,County,17,5280,0,36,157,52490,18,5965,32,5177,0,35,79290
372,Yuba,County,10,5290,3,39,90,52580,4,5969,21,5198,0,35,79290
373,Yuba,County,15,5305,0,39,374,52954,21,5990,17,5215,0,35,79290
374,Yuba,County,16,5321,0,39,287,53241,19,6009,20,5235,0,35,79290
375,Yuba,County,9,5330,0,39,249,53490,15,6024,6,5241,3,38,79290
376,Yuba,County,18,5348,0,39,253,53743,23,6047,20,5261,0,38,79290
377,Yuba,County,14,5362,0,39,210,53953,18,6065,13,5274,0,38,79290
378,Yuba,County,8,5370,0,39,104,54057,10,6075,15,5289,0,38,79290
379,Yuba,County,8,5378,0,39,90,54147,6,6081,25,5314,0,38,79290
380,Yuba,County,10,5388,0,39,251,54398,11,6092,6,5320,0,38,79290
381,Yuba,County,17,5405,0,39,282,54680,24,6116,12,5332,0,38,79290
382,Yuba,County,7,5412,0,39,188,54868,11,6127,13,5345,0,38,79290
383,Yuba,County,9,5421,0,39,264,55132,15,6142,13,5358,0,38,79290
384,Yuba,County,17,5438,0,39,161,55293,14,6156,18,5376,0,38,79290
385,Yuba,County,10,5448,1,40,137,55430,13,6169,10,5386,0,38,79290
386,Yuba,County,3,5451,0,40,92,55522,2,6171,10,5396,0,38,79290
387,Yuba,County,8,5459,0,40,291,55813,12,6183,8,5404,0,38,79290
388,Yuba,County,3,5462,0,40,274,56087,5,6188,13,5417,0,38,79290
389,Yuba,County,13,5475,0,40,198,56285,14,6202,8,5425,1,39,79290
390,Yuba,County,11,5486,1,41,214,56499,14,6216,4,5429,0,39,79290
391,Yuba,County,8,5494,0,41,185,56684,10,6226,9,5438,0,39,79290
392,Yuba,County,5,5499,0,41,90,56774,5,6231,12,5450,0,39,79290
393,Yuba,County,3,5502,0,41,87,56861,4,6235,11,5461,2,41,79290
394,Yuba,County,10,5512,0,41,275,57136,7,6242,5,5466,0,41,79290
395,Yuba,County,12,5524,1,42,288,57424,9,6251,9,5475,0,41,79290
396,Yuba,County,8,5532,0,42,187,57611,7,6258,4,5479,0,41,79290
397,Yuba,County,13,5545,0,42,190,57801,16,6274,4,5483,0,41,79290
398,Yuba,County,12,5557,0,42,168,57969,14,6288,13,5496,1,42,79290
399,Yuba,County,12,5569,0,42,112,58081,15,6303,8,5504,0,42,79290
400,Yuba,County,9,5578,0,42,95,58176,10,6313,12,5516,0,42,79290
401,Yuba,County,4,5582,0,42,309,58485,8,6321,14,5530,0,42,79290
402,Yuba,County,10,5592,1,43,312,58797,18,6339,9,5539,0,42,79290
403,Yuba,County,7,5599,0,43,192,58989,4,6343,6,5545,0,42,79290
404,Yuba,County,14,5613,0,43,180,59169,11,6354,8,5553,0,42,79290
405,Yuba,County,4,5617,0,43,154,59323,5,6359,10,5563,0,42,79290
406,Yuba,County,7,5624,0,43,96,59419,7,6366,14,5577,0,42,79290
407,Yuba,County,1,5625,0,43,68,59487,4,6370,6,5583,0,42,79290
408,Yuba,County,10,5635,0,43,351,59838,8,6378,2,5585,0,42,79290
409,Yuba,County,5,5640,0,43,256,60094,10,6388,11,5596,0,42,79290
410,Yuba,County,3,5643,0,43,197,60291,7,6395,7,5603,0,42,79290
411,Yuba,County,3,5646,0,43,154,60445,5,6400,9,5612,0,42,79290
412,Yuba,County,4,5650,0,43,172,60617,5,6405,3,5615,0,42,79290
413,Yuba,County,3,5653,0,43,80,60697,2,6407,6,5621,0,42,79290
414,Yuba,County,3,5656,0,43,75,60772,2,6409,3,5624,0,42,79290
415,Yuba,County,10,5666,0,43,388,61160,8,6417,3,5627,0,42,79290
416,Yuba,County,11,5677,0,43,277,61437,11,6428,1,5628,0,42,79290
417,Yuba,County,5,5682,0,43,174,61611,4,6432,6,5634,0,42,79290
418,Yuba,County,6,5688,0,43,189,61800,11,6443,13,5647,0,42,79290
419,Yuba,County,6,5694,0,43,164,61964,7,6450,6,5653,0,42,79290
420,Yuba,County,10,5704,0,43,86,62050,10,6460,4,5657,0,42,79290
421,Yuba,County,2,5706,0,43,79,62129,1,6461,5,5662,0,42,79290
422,Yuba,County,4,5710,0,43,267,62396,4,6465,9,5671,0,42,79290
423,Yuba,County,7,5717,0,43,274,62670,9,6474,8,5679,0,42,79290
424,Yuba,County,11,5728,0,43,158,62828,12,6486,7,5686,2,44,79290
425,Yuba,County,7,5735,0,43,158,62986,10,6496,8,5694,0,44,79290
